<ffffffffo.chunk>
	<terrain>
		<metaData />
		<resource>	ffffffffo.cdata/terrain2	</resource>
	</terrain>
	<model>
		<resource>	content/location/building/port/LBP229_DJ/LBP229_DJ.model	</resource>
		<transform>
			<row0>	-0.103275 0.000000 -0.994652	</row0>
			<row1>	0.000000 0.999999 0.000000	</row1>
			<row2>	0.994652 0.000000 -0.103275	</row2>
			<row3>	90.891609 0.000000 80.807205	</row3>
		</transform>
		<reflectionVisible>	false	</reflectionVisible>
	</model>
	<model>
		<resource>	content/location/building/port/LBP229_DJ/LBP229_DJ.model	</resource>
		<transform>
			<row0>	-0.169929 0.000000 -0.985455	</row0>
			<row1>	0.000000 0.999998 0.000000	</row1>
			<row2>	0.985455 0.000000 -0.169929	</row2>
			<row3>	94.824593 0.000000 78.103645	</row3>
		</transform>
		<reflectionVisible>	false	</reflectionVisible>
	</model>
	<model>
		<resource>	content/location/building/port/LBP229_DJ/LBP229_DJ.model	</resource>
		<transform>
			<row0>	-0.169929 0.000000 -0.985454	</row0>
			<row1>	0.000000 0.999997 0.000000	</row1>
			<row2>	1.030324 0.000000 -0.177666	</row2>
			<row3>	98.839951 0.000000 77.407906	</row3>
		</transform>
		<reflectionVisible>	false	</reflectionVisible>
	</model>
	<model>
		<resource>	content/location/building/port/LBP206_DJ/LBP206_DJ.model	</resource>
		<transform>
			<row0>	-0.758079 0.000002 -0.652149	</row0>
			<row1>	0.000002 0.999994 0.000000	</row1>
			<row2>	0.652149 -0.000001 -0.758079	</row2>
			<row3>	61.662296 0.493812 99.035614	</row3>
		</transform>
		<reflectionVisible>	false	</reflectionVisible>
	</model>
	<model>
		<resource>	content/location/building/port/LBP229_DJ/LBP229_DJ.model	</resource>
		<transform>
			<row0>	-0.120358 0.000000 -0.992728	</row0>
			<row1>	0.000000 0.999999 0.000000	</row1>
			<row2>	1.027391 0.000000 -0.124561	</row2>
			<row3>	86.868973 0.000000 81.260178	</row3>
		</transform>
		<reflectionVisible>	false	</reflectionVisible>
	</model>
	<model>
		<resource>	content/location/building/port/LBP229_DJ/LBP229_DJ.model	</resource>
		<transform>
			<row0>	-0.106662 0.000000 -0.994293	</row0>
			<row1>	0.000000 0.999996 0.000000	</row1>
			<row2>	1.037046 0.000000 -0.111248	</row2>
			<row3>	78.418694 0.000000 84.199661	</row3>
		</transform>
		<reflectionVisible>	false	</reflectionVisible>
	</model>
	<model>
		<resource>	content/location/building/port/LBP229_DJ/LBP229_DJ.model	</resource>
		<transform>
			<row0>	-0.997601 0.000000 -0.069179	</row0>
			<row1>	0.000000 0.999996 0.000000	</row1>
			<row2>	0.069179 0.000000 -0.997601	</row2>
			<row3>	75.871048 0.000000 86.676231	</row3>
		</transform>
		<reflectionVisible>	false	</reflectionVisible>
	</model>
	<model>
		<resource>	content/location/building/port/LBP229_DJ/LBP229_DJ.model	</resource>
		<transform>
			<row0>	-0.997601 0.000000 -0.069179	</row0>
			<row1>	0.000000 0.999996 0.000000	</row1>
			<row2>	0.069179 0.000000 -0.997601	</row2>
			<row3>	75.600891 0.000000 90.589455	</row3>
		</transform>
		<reflectionVisible>	false	</reflectionVisible>
	</model>
	<model>
		<resource>	content/location/building/port/LBP229_DJ/LBP229_DJ.model	</resource>
		<transform>
			<row0>	-0.997601 0.000000 -0.069179	</row0>
			<row1>	0.000000 0.999996 0.000000	</row1>
			<row2>	0.069179 0.000000 -0.997601	</row2>
			<row3>	75.325996 0.000000 94.570648	</row3>
		</transform>
		<reflectionVisible>	false	</reflectionVisible>
	</model>
	<model>
		<resource>	content/location/building/port/LBP229_DJ/LBP229_DJ.model	</resource>
		<transform>
			<row0>	-0.997600 0.000000 -0.069179	</row0>
			<row1>	0.000000 0.999996 0.000000	</row1>
			<row2>	0.069179 0.000000 -0.997600	</row2>
			<row3>	75.050285 0.000000 98.509659	</row3>
		</transform>
		<reflectionVisible>	false	</reflectionVisible>
	</model>
	<model>
		<resource>	content/location/building/port/LBP229_DJ/LBP229_DJ.model	</resource>
		<transform>
			<row0>	-0.120358 0.000000 -0.992729	</row0>
			<row1>	0.000000 0.999999 0.000000	</row1>
			<row2>	0.992729 0.000000 -0.120358	</row2>
			<row3>	82.836899 -0.000000 81.739624	</row3>
		</transform>
		<reflectionVisible>	false	</reflectionVisible>
	</model>
	<model>
		<resource>	content/location/building/port/LBP229_DJ/LBP229_DJ.model	</resource>
		<transform>
			<row0>	0.059081 0.000000 0.998248	</row0>
			<row1>	0.000000 0.999994 0.000000	</row1>
			<row2>	-0.998248 0.000000 0.059081	</row2>
			<row3>	85.186440 0.000000 88.480064	</row3>
		</transform>
		<reflectionVisible>	false	</reflectionVisible>
	</model>
	<model>
		<resource>	content/location/building/port/LBP229_DJ/LBP229_DJ.model	</resource>
		<transform>
			<row0>	-0.059081 0.000000 -0.998247	</row0>
			<row1>	0.000000 0.999993 0.000000	</row1>
			<row2>	0.998247 0.000000 -0.059081	</row2>
			<row3>	85.226135 0.000000 89.238480	</row3>
		</transform>
		<reflectionVisible>	false	</reflectionVisible>
	</model>
	<model>
		<resource>	content/location/building/port/LBP229_DJ/LBP229_DJ.model	</resource>
		<transform>
			<row0>	-0.059081 0.000000 -0.998247	</row0>
			<row1>	0.000000 0.999993 0.000000	</row1>
			<row2>	0.998247 0.000000 -0.059081	</row2>
			<row3>	81.279831 0.000000 89.470108	</row3>
		</transform>
		<reflectionVisible>	false	</reflectionVisible>
	</model>
	<model>
		<resource>	content/location/building/port/LBP229_DJ/LBP229_DJ.model	</resource>
		<transform>
			<row0>	0.059081 0.000000 0.998249	</row0>
			<row1>	0.000000 0.999995 0.000000	</row1>
			<row2>	-0.998249 0.000000 0.059081	</row2>
			<row3>	81.202965 0.000000 88.712662	</row3>
		</transform>
		<reflectionVisible>	false	</reflectionVisible>
	</model>
	<model>
		<resource>	content/location/building/port/LBP229_DJ/LBP229_DJ.model	</resource>
		<transform>
			<row0>	-0.059081 0.000000 -0.998248	</row0>
			<row1>	0.000000 0.999993 0.000000	</row1>
			<row2>	0.837791 0.000000 -0.049584	</row2>
			<row3>	77.613007 0.000000 89.683121	</row3>
		</transform>
		<reflectionVisible>	false	</reflectionVisible>
	</model>
	<model>
		<resource>	content/location/building/port/LBP229_DJ/LBP229_DJ.model	</resource>
		<transform>
			<row0>	0.059081 0.000000 0.998249	</row0>
			<row1>	0.000000 0.999994 0.000000	</row1>
			<row2>	-0.837792 0.000000 0.049584	</row2>
			<row3>	77.635109 0.000000 88.924309	</row3>
		</transform>
		<reflectionVisible>	false	</reflectionVisible>
	</model>
	<model>
		<resource>	content/location/building/port/LBP229_DJ/LBP229_DJ.model	</resource>
		<transform>
			<row0>	0.014068 0.000000 0.999895	</row0>
			<row1>	0.000000 0.999993 0.000000	</row1>
			<row2>	-0.839174 0.000000 0.011806	</row2>
			<row3>	77.249825 0.000000 96.236710	</row3>
		</transform>
		<reflectionVisible>	false	</reflectionVisible>
	</model>
	<model>
		<resource>	content/location/building/port/LBP229_DJ/LBP229_DJ.model	</resource>
		<transform>
			<row0>	-0.014068 0.000000 -0.999895	</row0>
			<row1>	0.000000 0.999992 0.000000	</row1>
			<row2>	0.839173 0.000000 -0.011806	</row2>
			<row3>	77.193588 0.000000 96.993759	</row3>
		</transform>
		<reflectionVisible>	false	</reflectionVisible>
	</model>
	<model>
		<resource>	content/location/building/port/LBP229_DJ/LBP229_DJ.model	</resource>
		<transform>
			<row0>	0.014068 0.000000 0.999895	</row0>
			<row1>	0.000000 0.999994 0.000000	</row1>
			<row2>	-0.999895 0.000000 0.014068	</row2>
			<row3>	80.823593 0.000000 96.185951	</row3>
		</transform>
		<reflectionVisible>	false	</reflectionVisible>
	</model>
	<model>
		<resource>	content/location/building/port/LBP229_DJ/LBP229_DJ.model	</resource>
		<transform>
			<row0>	-0.014068 0.000000 -0.999894	</row0>
			<row1>	0.000000 0.999992 0.000000	</row1>
			<row2>	0.999894 0.000000 -0.014068	</row2>
			<row3>	80.866280 0.000000 96.946091	</row3>
		</transform>
		<reflectionVisible>	false	</reflectionVisible>
	</model>
	<model>
		<resource>	content/location/building/port/LBP229_DJ/LBP229_DJ.model	</resource>
		<transform>
			<row0>	-0.014068 0.000000 -0.999894	</row0>
			<row1>	0.000000 0.999992 0.000000	</row1>
			<row2>	0.999894 0.000000 -0.014068	</row2>
			<row3>	84.819016 0.000000 96.892410	</row3>
		</transform>
		<reflectionVisible>	false	</reflectionVisible>
	</model>
	<model>
		<resource>	content/location/building/port/LBP229_DJ/LBP229_DJ.model	</resource>
		<transform>
			<row0>	0.014068 0.000000 0.999895	</row0>
			<row1>	0.000000 0.999993 0.000000	</row1>
			<row2>	-0.999895 0.000000 0.014068	</row2>
			<row3>	84.813507 0.000000 96.132980	</row3>
		</transform>
		<reflectionVisible>	false	</reflectionVisible>
	</model>
	<model>
		<resource>	content/location/building/port/LBP233_DJ/LBP233_DJ.model	</resource>
		<transform>
			<row0>	0.090665 0.000000 0.995878	</row0>
			<row1>	0.000000 0.999996 0.000000	</row1>
			<row2>	-0.995878 0.000000 0.090665	</row2>
			<row3>	77.916107 0.000000 85.343391	</row3>
		</transform>
		<reflectionVisible>	false	</reflectionVisible>
	</model>
	<model>
		<resource>	content/location/building/port/LBP233_DJ/LBP233_DJ.model	</resource>
		<transform>
			<row0>	0.130748 0.000000 0.991412	</row0>
			<row1>	0.000000 0.999996 0.000000	</row1>
			<row2>	-0.991412 0.000000 0.130748	</row2>
			<row3>	82.981720 0.000000 82.810982	</row3>
		</transform>
		<reflectionVisible>	false	</reflectionVisible>
	</model>
	<model>
		<resource>	content/location/building/port/LBP233_DJ/LBP233_DJ.model	</resource>
		<transform>
			<row0>	0.130748 0.000000 0.991412	</row0>
			<row1>	0.000000 0.999996 0.000000	</row1>
			<row2>	-0.991412 0.000000 0.130748	</row2>
			<row3>	88.806198 0.000000 82.041725	</row3>
		</transform>
		<reflectionVisible>	false	</reflectionVisible>
	</model>
	<model>
		<resource>	content/location/building/port/LBP233_DJ/LBP233_DJ.model	</resource>
		<transform>
			<row0>	0.213304 0.000000 1.686564	</row0>
			<row1>	0.000000 0.999995 0.000000	</row1>
			<row2>	-1.481057 0.000000 0.237626	</row2>
			<row3>	95.510735 0.000000 79.386467	</row3>
		</transform>
		<reflectionVisible>	false	</reflectionVisible>
	</model>
	<model>
		<resource>	content/location/building/port/LBP233_DJ/LBP233_DJ.model	</resource>
		<transform>
			<row0>	-0.039793 0.000001 -0.999206	</row0>
			<row1>	-0.000001 0.999998 0.000001	</row1>
			<row2>	0.999206 0.000001 -0.039793	</row2>
			<row3>	78.107841 -0.000007 97.961205	</row3>
		</transform>
		<reflectionVisible>	false	</reflectionVisible>
	</model>
	<model>
		<resource>	content/location/building/port/LBP233_DJ/LBP233_DJ.model	</resource>
		<transform>
			<row0>	-0.039793 0.000001 -0.999206	</row0>
			<row1>	-0.000001 0.999998 0.000001	</row1>
			<row2>	0.999206 0.000001 -0.039793	</row2>
			<row3>	84.130341 -0.000009 97.823128	</row3>
		</transform>
		<reflectionVisible>	false	</reflectionVisible>
	</model>
	<model>
		<resource>	content/location/building/port/LBP232_DJ/LBP232_DJ.model	</resource>
		<animation>
			<name>	NL232_DJ	</name>
			<frameRateMultiplier>	0.100000	</frameRateMultiplier>
		</animation>
		<transform>
			<row0>	-0.998645 0.000000 0.051923	</row0>
			<row1>	0.000000 0.999993 0.000000	</row1>
			<row2>	-0.051923 0.000000 -0.998645	</row2>
			<row3>	96.548103 0.235739 79.393700	</row3>
		</transform>
		<reflectionVisible>	false	</reflectionVisible>
	</model>
	<model>
		<resource>	content/location/building/port/LBP219_DJ/LBP219_DJ.model	</resource>
		<transform>
			<row0>	-0.183051 0.000000 -1.135255	</row0>
			<row1>	0.000000 1.149919 0.000000	</row1>
			<row2>	1.135255 0.000000 -0.183051	</row2>
			<row3>	99.547661 0.475988 66.578125	</row3>
		</transform>
		<reflectionVisible>	false	</reflectionVisible>
	</model>
	<model>
		<resource>	content/location/building/port/LBP202_DJ/LBP202_DJ.model	</resource>
		<transform>
			<row0>	1.119049 0.000000 -0.178895	</row0>
			<row1>	0.000000 1.133257 0.000000	</row1>
			<row2>	0.178895 0.000000 1.119049	</row2>
			<row3>	91.235596 1.940592 73.414703	</row3>
		</transform>
		<reflectionVisible>	false	</reflectionVisible>
	</model>
	<model>
		<resource>	content/location/building/port/LBP202_DJ/LBP202_DJ.model	</resource>
		<transform>
			<row0>	1.119049 0.000000 -0.178895	</row0>
			<row1>	0.000000 1.133256 0.000000	</row1>
			<row2>	0.178895 0.000000 1.119049	</row2>
			<row3>	94.911827 1.940589 72.846588	</row3>
		</transform>
		<reflectionVisible>	false	</reflectionVisible>
	</model>
	<model>
		<resource>	content/location/building/port/LBP200_DJ/LBP200_DJ.model	</resource>
		<transform>
			<row0>	1.121519 0.000001 -0.162648	</row0>
			<row1>	0.000000 1.404060 0.000002	</row1>
			<row2>	0.162647 -0.000002 1.121516	</row2>
			<row3>	92.843025 0.476607 73.139954	</row3>
		</transform>
		<reflectionVisible>	false	</reflectionVisible>
	</model>
	<model>
		<resource>	content/location/building/port/LBP207_DJ/LBP207_DJ.model	</resource>
		<transform>
			<row0>	-0.155584 0.000002 -0.987812	</row0>
			<row1>	0.000002 0.779457 0.000001	</row1>
			<row2>	0.987812 -0.000001 -0.155583	</row2>
			<row3>	88.213974 0.477152 74.047867	</row3>
		</transform>
		<reflectionVisible>	false	</reflectionVisible>
	</model>
	<model>
		<resource>	content/location/building/port/LBP228_DJ/LBP228_DJ.model	</resource>
		<transform>
			<row0>	0.000000 0.000000 0.999999	</row0>
			<row1>	0.000000 0.999999 0.000000	</row1>
			<row2>	-0.999999 0.000000 0.000000	</row2>
			<row3>	84.603111 0.494277 96.522896	</row3>
		</transform>
		<reflectionVisible>	false	</reflectionVisible>
	</model>
	<model>
		<resource>	content/location/building/port/LBP228_DJ/LBP228_DJ.model	</resource>
		<transform>
			<row0>	0.000000 0.000000 0.999999	</row0>
			<row1>	0.000000 0.999999 0.000000	</row1>
			<row2>	-0.999999 0.000000 0.000000	</row2>
			<row3>	84.285408 0.494277 96.541023	</row3>
		</transform>
		<reflectionVisible>	false	</reflectionVisible>
	</model>
	<model>
		<resource>	content/location/building/port/LBP228_DJ/LBP228_DJ.model	</resource>
		<transform>
			<row0>	0.000000 0.000000 0.999999	</row0>
			<row1>	0.000000 0.999999 0.000000	</row1>
			<row2>	-0.999999 0.000000 0.000000	</row2>
			<row3>	83.664116 0.494277 96.549721	</row3>
		</transform>
		<reflectionVisible>	false	</reflectionVisible>
		<dye>
			<name>	PBS	</name>
			<tint>	PBS_cl5	</tint>
		</dye>
	</model>
	<model>
		<resource>	content/location/building/port/LBP228_DJ/LBP228_DJ.model	</resource>
		<transform>
			<row0>	0.000000 0.000000 0.999999	</row0>
			<row1>	0.000000 0.999999 0.000000	</row1>
			<row2>	-0.999999 0.000000 0.000000	</row2>
			<row3>	83.029243 0.494277 96.596992	</row3>
		</transform>
		<reflectionVisible>	false	</reflectionVisible>
	</model>
	<model>
		<resource>	content/location/building/port/LBP228_DJ/LBP228_DJ.model	</resource>
		<transform>
			<row0>	0.000000 0.000000 0.999999	</row0>
			<row1>	0.000000 0.999999 0.000000	</row1>
			<row2>	-0.999999 0.000000 0.000000	</row2>
			<row3>	82.724739 0.494277 96.553566	</row3>
		</transform>
		<reflectionVisible>	false	</reflectionVisible>
		<dye>
			<name>	PBS	</name>
			<tint>	PBS_cl6	</tint>
		</dye>
	</model>
	<model>
		<resource>	content/location/building/port/LBP228_DJ/LBP228_DJ.model	</resource>
		<transform>
			<row0>	0.000000 0.000000 0.999999	</row0>
			<row1>	0.000000 0.999999 0.000000	</row1>
			<row2>	-0.999999 0.000000 0.000000	</row2>
			<row3>	82.418694 0.494277 96.588768	</row3>
		</transform>
		<reflectionVisible>	false	</reflectionVisible>
	</model>
	<model>
		<resource>	content/location/building/port/LBP228_DJ/LBP228_DJ.model	</resource>
		<transform>
			<row0>	0.000000 0.000000 0.999999	</row0>
			<row1>	0.000000 0.999999 0.000000	</row1>
			<row2>	-0.999999 0.000000 0.000000	</row2>
			<row3>	81.670311 0.494278 96.541405	</row3>
		</transform>
		<reflectionVisible>	false	</reflectionVisible>
	</model>
	<model>
		<resource>	content/location/building/port/LBP228_DJ/LBP228_DJ.model	</resource>
		<transform>
			<row0>	0.000000 0.000000 0.999999	</row0>
			<row1>	0.000000 0.999999 0.000000	</row1>
			<row2>	-0.999999 0.000000 0.000000	</row2>
			<row3>	81.352608 0.494278 96.559532	</row3>
		</transform>
		<reflectionVisible>	false	</reflectionVisible>
	</model>
	<model>
		<resource>	content/location/building/port/LBP228_DJ/LBP228_DJ.model	</resource>
		<transform>
			<row0>	0.000000 0.000000 0.999999	</row0>
			<row1>	0.000000 0.999999 0.000000	</row1>
			<row2>	-0.999999 0.000000 0.000000	</row2>
			<row3>	81.039467 0.494278 96.574867	</row3>
		</transform>
		<reflectionVisible>	false	</reflectionVisible>
		<dye>
			<name>	PBS	</name>
			<tint>	PBS_cl5	</tint>
		</dye>
	</model>
	<model>
		<resource>	content/location/building/port/LBP228_DJ/LBP228_DJ.model	</resource>
		<transform>
			<row0>	0.000000 0.000000 0.999999	</row0>
			<row1>	0.000000 0.999999 0.000000	</row1>
			<row2>	-0.999999 0.000000 0.000000	</row2>
			<row3>	80.731316 0.494278 96.568230	</row3>
		</transform>
		<reflectionVisible>	false	</reflectionVisible>
		<dye>
			<name>	PBS	</name>
			<tint>	PBS_cl6	</tint>
		</dye>
	</model>
	<model>
		<resource>	content/location/building/port/LBP228_DJ/LBP228_DJ.model	</resource>
		<transform>
			<row0>	0.000000 0.000000 0.999999	</row0>
			<row1>	0.000000 0.999999 0.000000	</row1>
			<row2>	-0.999999 0.000000 0.000000	</row2>
			<row3>	80.415352 0.494278 96.578667	</row3>
		</transform>
		<reflectionVisible>	false	</reflectionVisible>
	</model>
	<model>
		<resource>	content/location/building/port/LBP228_DJ/LBP228_DJ.model	</resource>
		<transform>
			<row0>	0.000000 0.000000 0.999999	</row0>
			<row1>	0.000000 0.999999 0.000000	</row1>
			<row2>	-0.999999 0.000000 0.000000	</row2>
			<row3>	79.791939 0.494278 96.572075	</row3>
		</transform>
		<reflectionVisible>	false	</reflectionVisible>
	</model>
	<model>
		<resource>	content/location/building/port/LBP228_DJ/LBP228_DJ.model	</resource>
		<transform>
			<row0>	0.000000 0.000000 0.999999	</row0>
			<row1>	0.000000 0.999999 0.000000	</row1>
			<row2>	-0.999999 0.000000 0.000000	</row2>
			<row3>	79.485893 0.494278 96.607277	</row3>
		</transform>
		<reflectionVisible>	false	</reflectionVisible>
		<dye>
			<name>	PBS	</name>
			<tint>	PBS_cl6	</tint>
		</dye>
	</model>
	<model>
		<resource>	content/location/building/port/LBP206_DJ/LBP206_DJ.model	</resource>
		<transform>
			<row0>	0.733160 0.000002 -0.055094	</row0>
			<row1>	-0.000001 0.687942 0.000001	</row1>
			<row2>	0.036837 0.000000 0.490212	</row2>
			<row3>	78.055916 0.485594 83.622650	</row3>
		</transform>
		<reflectionVisible>	false	</reflectionVisible>
	</model>
	<model>
		<resource>	content/location/building/port/LBP228_DJ/LBP228_DJ.model	</resource>
		<transform>
			<row0>	0.092313 0.000000 0.995729	</row0>
			<row1>	0.000000 0.999999 0.000000	</row1>
			<row2>	-0.995729 0.000000 0.092313	</row2>
			<row3>	76.370743 0.491747 82.062859	</row3>
		</transform>
		<reflectionVisible>	false	</reflectionVisible>
		<dye>
			<name>	PBS	</name>
			<tint>	PBS_cl7	</tint>
		</dye>
	</model>
	<model>
		<resource>	content/location/building/port/LBP228_DJ/LBP228_DJ.model	</resource>
		<transform>
			<row0>	0.092313 0.000000 0.995729	</row0>
			<row1>	0.000000 0.999999 0.000000	</row1>
			<row2>	-0.995729 0.000000 0.092313	</row2>
			<row3>	76.684395 0.491747 82.023300	</row3>
		</transform>
		<reflectionVisible>	false	</reflectionVisible>
	</model>
	<model>
		<resource>	content/location/building/port/LBP228_DJ/LBP228_DJ.model	</resource>
		<transform>
			<row0>	0.092313 0.000000 0.995729	</row0>
			<row1>	0.000000 0.999999 0.000000	</row1>
			<row2>	-0.995729 0.000000 0.092313	</row2>
			<row3>	76.991852 0.491747 82.001465	</row3>
		</transform>
		<reflectionVisible>	false	</reflectionVisible>
		<dye>
			<name>	PBS	</name>
			<tint>	PBS_cl5	</tint>
		</dye>
	</model>
	<model>
		<resource>	content/location/building/port/LBP228_DJ/LBP228_DJ.model	</resource>
		<transform>
			<row0>	0.092313 0.000000 0.995729	</row0>
			<row1>	0.000000 0.999999 0.000000	</row1>
			<row2>	-0.995729 0.000000 0.092313	</row2>
			<row3>	77.302231 0.491747 81.957283	</row3>
		</transform>
		<reflectionVisible>	false	</reflectionVisible>
		<dye>
			<name>	PBS	</name>
			<tint>	PBS_cl6	</tint>
		</dye>
	</model>
	<model>
		<resource>	content/location/building/port/LBP228_DJ/LBP228_DJ.model	</resource>
		<transform>
			<row0>	0.092313 0.000000 0.995729	</row0>
			<row1>	0.000000 0.999999 0.000000	</row1>
			<row2>	-0.995729 0.000000 0.092313	</row2>
			<row3>	79.229591 0.491747 81.837555	</row3>
		</transform>
		<reflectionVisible>	false	</reflectionVisible>
		<dye>
			<name>	PBS	</name>
			<tint>	PBS_cl2	</tint>
		</dye>
	</model>
	<model>
		<resource>	content/location/building/port/LBP228_DJ/LBP228_DJ.model	</resource>
		<transform>
			<row0>	0.092313 0.000000 0.995729	</row0>
			<row1>	0.000000 0.999999 0.000000	</row1>
			<row2>	-0.995729 0.000000 0.092313	</row2>
			<row3>	79.537048 0.491747 81.815720	</row3>
		</transform>
		<reflectionVisible>	false	</reflectionVisible>
		<dye>
			<name>	PBS	</name>
			<tint>	PBS_cl5	</tint>
		</dye>
	</model>
	<model>
		<resource>	content/location/building/port/LBP228_DJ/LBP228_DJ.model	</resource>
		<transform>
			<row0>	0.092313 0.000000 0.995729	</row0>
			<row1>	0.000000 0.999999 0.000000	</row1>
			<row2>	-0.995729 0.000000 0.092313	</row2>
			<row3>	79.847427 0.491747 81.771538	</row3>
		</transform>
		<reflectionVisible>	false	</reflectionVisible>
	</model>
	<model>
		<resource>	content/location/building/port/LBP228_DJ/LBP228_DJ.model	</resource>
		<transform>
			<row0>	0.092313 0.000000 0.995729	</row0>
			<row1>	0.000000 0.999999 0.000000	</row1>
			<row2>	-0.995729 0.000000 0.092313	</row2>
			<row3>	80.162102 0.491747 81.724159	</row3>
		</transform>
		<reflectionVisible>	false	</reflectionVisible>
		<dye>
			<name>	PBS	</name>
			<tint>	PBS_cl6	</tint>
		</dye>
	</model>
	<model>
		<resource>	content/location/building/port/LBP228_DJ/LBP228_DJ.model	</resource>
		<transform>
			<row0>	0.092313 0.000000 0.995729	</row0>
			<row1>	0.000000 0.999999 0.000000	</row1>
			<row2>	-0.995729 0.000000 0.092313	</row2>
			<row3>	76.289032 0.491746 81.242447	</row3>
		</transform>
		<reflectionVisible>	false	</reflectionVisible>
	</model>
	<model>
		<resource>	content/location/building/port/LBP228_DJ/LBP228_DJ.model	</resource>
		<transform>
			<row0>	0.092313 0.000000 0.995729	</row0>
			<row1>	0.000000 0.999999 0.000000	</row1>
			<row2>	-0.995729 0.000000 0.092313	</row2>
			<row3>	76.596489 0.491746 81.220612	</row3>
		</transform>
		<reflectionVisible>	false	</reflectionVisible>
		<dye>
			<name>	PBS	</name>
			<tint>	PBS_cl2	</tint>
		</dye>
	</model>
	<model>
		<resource>	content/location/building/port/LBP228_DJ/LBP228_DJ.model	</resource>
		<transform>
			<row0>	0.092313 0.000000 0.995729	</row0>
			<row1>	0.000000 0.999999 0.000000	</row1>
			<row2>	-0.995729 0.000000 0.092313	</row2>
			<row3>	76.906868 0.491746 81.176422	</row3>
		</transform>
		<reflectionVisible>	false	</reflectionVisible>
		<dye>
			<name>	PBS	</name>
			<tint>	PBS_cl3	</tint>
		</dye>
	</model>
	<model>
		<resource>	content/location/building/port/LBP228_DJ/LBP228_DJ.model	</resource>
		<transform>
			<row0>	0.092313 0.000000 0.995729	</row0>
			<row1>	0.000000 0.999999 0.000000	</row1>
			<row2>	-0.995729 0.000000 0.092313	</row2>
			<row3>	82.071327 0.494280 81.484711	</row3>
		</transform>
		<reflectionVisible>	false	</reflectionVisible>
		<dye>
			<name>	PBS	</name>
			<tint>	PBS_cl5	</tint>
		</dye>
	</model>
	<model>
		<resource>	content/location/building/port/LBP228_DJ/LBP228_DJ.model	</resource>
		<transform>
			<row0>	0.092313 0.000000 0.995729	</row0>
			<row1>	0.000000 0.999999 0.000000	</row1>
			<row2>	-0.995729 0.000000 0.092313	</row2>
			<row3>	82.384979 0.494280 81.445160	</row3>
		</transform>
		<reflectionVisible>	false	</reflectionVisible>
	</model>
	<model>
		<resource>	content/location/building/port/LBP228_DJ/LBP228_DJ.model	</resource>
		<transform>
			<row0>	0.092313 0.000000 0.995729	</row0>
			<row1>	0.000000 0.999999 0.000000	</row1>
			<row2>	-0.995729 0.000000 0.092313	</row2>
			<row3>	82.692436 0.494280 81.423325	</row3>
		</transform>
		<reflectionVisible>	false	</reflectionVisible>
		<dye>
			<name>	PBS	</name>
			<tint>	PBS_cl6	</tint>
		</dye>
	</model>
	<model>
		<resource>	content/location/building/port/LBP228_DJ/LBP228_DJ.model	</resource>
		<transform>
			<row0>	0.092313 0.000000 0.995729	</row0>
			<row1>	0.000000 0.999999 0.000000	</row1>
			<row2>	-0.995729 0.000000 0.092313	</row2>
			<row3>	83.002815 0.494280 81.379135	</row3>
		</transform>
		<reflectionVisible>	false	</reflectionVisible>
		<dye>
			<name>	PBS	</name>
			<tint>	PBS_cl7	</tint>
		</dye>
	</model>
	<model>
		<resource>	content/location/building/port/LBP228_DJ/LBP228_DJ.model	</resource>
		<transform>
			<row0>	0.092313 0.000000 0.995729	</row0>
			<row1>	0.000000 0.999999 0.000000	</row1>
			<row2>	-0.995729 0.000000 0.092313	</row2>
			<row3>	83.317490 0.494280 81.331757	</row3>
		</transform>
		<reflectionVisible>	false	</reflectionVisible>
	</model>
	<model>
		<resource>	content/location/building/port/LBP228_DJ/LBP228_DJ.model	</resource>
		<transform>
			<row0>	0.092313 0.000000 0.995729	</row0>
			<row1>	0.000000 0.999999 0.000000	</row1>
			<row2>	-0.995729 0.000000 0.092313	</row2>
			<row3>	84.925919 0.491747 81.145927	</row3>
		</transform>
		<reflectionVisible>	false	</reflectionVisible>
		<dye>
			<name>	PBS	</name>
			<tint>	PBS_cl1	</tint>
		</dye>
	</model>
	<model>
		<resource>	content/location/building/port/LBP228_DJ/LBP228_DJ.model	</resource>
		<transform>
			<row0>	0.092313 0.000000 0.995729	</row0>
			<row1>	0.000000 0.999999 0.000000	</row1>
			<row2>	-0.995729 0.000000 0.092313	</row2>
			<row3>	85.239563 0.491747 81.106377	</row3>
		</transform>
		<reflectionVisible>	false	</reflectionVisible>
	</model>
	<model>
		<resource>	content/location/building/port/LBP228_DJ/LBP228_DJ.model	</resource>
		<transform>
			<row0>	0.092313 0.000000 0.995729	</row0>
			<row1>	0.000000 0.999999 0.000000	</row1>
			<row2>	-0.995729 0.000000 0.092313	</row2>
			<row3>	85.547028 0.491747 81.084541	</row3>
		</transform>
		<reflectionVisible>	false	</reflectionVisible>
		<dye>
			<name>	PBS	</name>
			<tint>	PBS_cl6	</tint>
		</dye>
	</model>
	<model>
		<resource>	content/location/building/port/LBP228_DJ/LBP228_DJ.model	</resource>
		<transform>
			<row0>	0.092313 0.000000 0.995729	</row0>
			<row1>	0.000000 0.999999 0.000000	</row1>
			<row2>	-0.995729 0.000000 0.092313	</row2>
			<row3>	85.857407 0.491747 81.040352	</row3>
		</transform>
		<reflectionVisible>	false	</reflectionVisible>
	</model>
	<model>
		<resource>	content/location/building/port/LBP228_DJ/LBP228_DJ.model	</resource>
		<transform>
			<row0>	0.092313 0.000000 0.995729	</row0>
			<row1>	0.000000 0.999999 0.000000	</row1>
			<row2>	-0.995729 0.000000 0.092313	</row2>
			<row3>	86.172073 0.491747 80.992973	</row3>
		</transform>
		<reflectionVisible>	false	</reflectionVisible>
		<dye>
			<name>	PBS	</name>
			<tint>	PBS_cl5	</tint>
		</dye>
	</model>
	<model>
		<resource>	content/location/building/port/LBP234_DJ/LBP234_DJ.model	</resource>
		<transform>
			<row0>	0.983232 0.000000 0.182341	</row0>
			<row1>	0.000000 0.999998 0.000000	</row1>
			<row2>	-0.182341 0.000000 0.983232	</row2>
			<row3>	75.175987 0.491746 93.883728	</row3>
		</transform>
		<reflectionVisible>	false	</reflectionVisible>
	</model>
	<model>
		<resource>	content/location/building/port/LBP235_DJ/LBP235_DJ.model	</resource>
		<transform>
			<row0>	0.999170 0.000000 0.040718	</row0>
			<row1>	0.000000 1.000000 0.000000	</row1>
			<row2>	-0.040718 0.000000 0.999170	</row2>
			<row3>	75.382965 0.494279 90.920502	</row3>
		</transform>
		<reflectionVisible>	false	</reflectionVisible>
	</model>
	<model>
		<resource>	content/location/building/port/LBP235_DJ/LBP235_DJ.model	</resource>
		<transform>
			<row0>	0.999998 0.000000 0.000000	</row0>
			<row1>	0.000000 0.999998 0.000000	</row1>
			<row2>	0.000000 0.000000 0.999998	</row2>
			<row3>	86.818130 0.491746 79.915161	</row3>
		</transform>
		<reflectionVisible>	false	</reflectionVisible>
	</model>
	<model>
		<resource>	content/location/building/port/LBP238_DJ/LBP238_DJ.model	</resource>
		<transform>
			<row0>	0.697520 0.000000 -0.101992	</row0>
			<row1>	0.000000 0.999993 0.000000	</row1>
			<row2>	0.046211 0.000000 0.316046	</row2>
			<row3>	89.197037 0.253056 73.610352	</row3>
		</transform>
		<reflectionVisible>	false	</reflectionVisible>
	</model>
	<model>
		<resource>	content/location/building/port/LBP237_DJ/LBP237_DJ.model	</resource>
		<transform>
			<row0>	-0.568824 0.000000 0.128173	</row0>
			<row1>	0.000000 0.367215 0.000000	</row1>
			<row2>	-0.052636 0.000000 -0.233597	</row2>
			<row3>	68.507591 0.431864 77.623383	</row3>
		</transform>
		<reflectionVisible>	false	</reflectionVisible>
	</model>
	<model>
		<resource>	content/location/building/port/LBP203_DJ/LBP203_DJ.model	</resource>
		<transform>
			<row0>	-0.979426 0.000002 -0.201780	</row0>
			<row1>	0.000002 0.999994 0.000000	</row1>
			<row2>	0.201780 0.000000 -0.979426	</row2>
			<row3>	72.064415 0.470705 73.729492	</row3>
		</transform>
		<reflectionVisible>	false	</reflectionVisible>
	</model>
	<model>
		<resource>	content/location/building/port/LBP204_DJ/LBP204_DJ.model	</resource>
		<transform>
			<row0>	0.976757 0.000000 0.214335	</row0>
			<row1>	0.000000 0.999996 0.000000	</row1>
			<row2>	-0.214335 0.000000 0.976757	</row2>
			<row3>	71.809883 0.483425 71.114891	</row3>
		</transform>
		<reflectionVisible>	false	</reflectionVisible>
	</model>
	<model>
		<resource>	content/location/building/port/LBP204_DJ/LBP204_DJ.model	</resource>
		<transform>
			<row0>	-0.976784 0.000000 -0.214203	</row0>
			<row1>	0.000000 0.999994 0.000000	</row1>
			<row2>	0.214203 0.000000 -0.976784	</row2>
			<row3>	73.254181 0.483427 67.188995	</row3>
		</transform>
		<reflectionVisible>	false	</reflectionVisible>
	</model>
	<model>
		<resource>	content/location/building/port/LBP238_DJ/LBP238_DJ.model	</resource>
		<transform>
			<row0>	0.820600 0.000000 0.165628	</row0>
			<row1>	0.000000 0.999994 0.000000	</row1>
			<row2>	-0.109590 0.000000 0.542953	</row2>
			<row3>	73.045280 0.254726 70.994148	</row3>
		</transform>
		<reflectionVisible>	false	</reflectionVisible>
	</model>
	<model>
		<resource>	content/location/building/port/LBP205_DJ/LBP205_DJ.model	</resource>
		<transform>
			<row0>	0.980429 0.000002 0.196841	</row0>
			<row1>	-0.000002 0.999994 -0.000001	</row1>
			<row2>	-0.196841 0.000000 0.980429	</row2>
			<row3>	79.361259 0.472383 75.476250	</row3>
		</transform>
		<reflectionVisible>	false	</reflectionVisible>
	</model>
	<model>
		<resource>	content/location/building/port/LBP202_DJ/LBP202_DJ.model	</resource>
		<transform>
			<row0>	-0.235250 -0.000003 1.159455	</row0>
			<row1>	0.000001 0.866028 0.000001	</row1>
			<row2>	-0.686413 0.000001 -0.139272	</row2>
			<row3>	79.137627 3.195997 75.429161	</row3>
		</transform>
		<reflectionVisible>	false	</reflectionVisible>
	</model>
	<model>
		<resource>	content/location/building/port/LBP216_DJ/LBP216_DJ.model	</resource>
		<transform>
			<row0>	1.090743 0.000000 -0.100362	</row0>
			<row1>	0.000000 0.999997 0.000000	</row1>
			<row2>	0.091625 0.000000 0.995791	</row2>
			<row3>	79.158424 0.485579 79.331703	</row3>
		</transform>
		<reflectionVisible>	false	</reflectionVisible>
	</model>
	<model>
		<resource>	content/location/building/port/LBP228_DJ/LBP228_DJ.model	</resource>
		<transform>
			<row0>	-0.930174 0.000000 0.367109	</row0>
			<row1>	0.000000 0.999996 0.000000	</row1>
			<row2>	-0.367109 0.000000 -0.930174	</row2>
			<row3>	85.243431 0.491747 80.164803	</row3>
		</transform>
		<reflectionVisible>	false	</reflectionVisible>
		<dye>
			<name>	PBS	</name>
			<tint>	PBS_cl3	</tint>
		</dye>
	</model>
	<model>
		<resource>	content/location/building/port/LBP235_DJ/LBP235_DJ.model	</resource>
		<transform>
			<row0>	0.993767 0.000000 -0.111454	</row0>
			<row1>	0.000000 0.999998 0.000000	</row1>
			<row2>	0.111454 0.000000 0.993767	</row2>
			<row3>	84.437508 0.491747 81.048721	</row3>
		</transform>
		<reflectionVisible>	false	</reflectionVisible>
	</model>
	<model>
		<resource>	content/location/building/port/LBP228_DJ/LBP228_DJ.model	</resource>
		<transform>
			<row0>	0.036881 0.000000 0.999318	</row0>
			<row1>	0.000000 0.999999 0.000000	</row1>
			<row2>	-0.999318 0.000000 0.036881	</row2>
			<row3>	86.043457 0.494278 88.729393	</row3>
		</transform>
		<reflectionVisible>	false	</reflectionVisible>
	</model>
	<model>
		<resource>	content/location/building/port/LBP228_DJ/LBP228_DJ.model	</resource>
		<transform>
			<row0>	0.036881 0.000000 0.999318	</row0>
			<row1>	0.000000 0.999999 0.000000	</row1>
			<row2>	-0.999318 0.000000 0.036881	</row2>
			<row3>	85.423859 0.494278 88.771858	</row3>
		</transform>
		<reflectionVisible>	false	</reflectionVisible>
	</model>
	<model>
		<resource>	content/location/building/port/LBP228_DJ/LBP228_DJ.model	</resource>
		<transform>
			<row0>	0.036881 0.000000 0.999318	</row0>
			<row1>	0.000000 0.999999 0.000000	</row1>
			<row2>	-0.999318 0.000000 0.036881	</row2>
			<row3>	85.121033 0.494279 88.782356	</row3>
		</transform>
		<reflectionVisible>	false	</reflectionVisible>
		<dye>
			<name>	PBS	</name>
			<tint>	PBS_cl5	</tint>
		</dye>
	</model>
	<model>
		<resource>	content/location/building/port/LBP228_DJ/LBP228_DJ.model	</resource>
		<transform>
			<row0>	0.036881 0.000000 0.999318	</row0>
			<row1>	0.000000 0.999999 0.000000	</row1>
			<row2>	-0.999318 0.000000 0.036881	</row2>
			<row3>	84.824684 0.494279 88.817375	</row3>
		</transform>
		<reflectionVisible>	false	</reflectionVisible>
		<dye>
			<name>	PBS	</name>
			<tint>	PBS_cl6	</tint>
		</dye>
	</model>
	<model>
		<resource>	content/location/building/port/LBP228_DJ/LBP228_DJ.model	</resource>
		<transform>
			<row0>	0.036881 0.000000 0.999318	</row0>
			<row1>	0.000000 0.999999 0.000000	</row1>
			<row2>	-0.999318 0.000000 0.036881	</row2>
			<row3>	84.525993 0.494279 88.803322	</row3>
		</transform>
		<reflectionVisible>	false	</reflectionVisible>
	</model>
	<model>
		<resource>	content/location/building/port/LBP228_DJ/LBP228_DJ.model	</resource>
		<transform>
			<row0>	0.036881 0.000000 0.999318	</row0>
			<row1>	0.000000 0.999999 0.000000	</row1>
			<row2>	-0.999318 0.000000 0.036881	</row2>
			<row3>	84.230515 0.494279 88.838615	</row3>
		</transform>
		<reflectionVisible>	false	</reflectionVisible>
		<dye>
			<name>	PBS	</name>
			<tint>	PBS_cl7	</tint>
		</dye>
	</model>
	<model>
		<resource>	content/location/building/port/LBP228_DJ/LBP228_DJ.model	</resource>
		<transform>
			<row0>	0.036881 0.000000 0.999318	</row0>
			<row1>	0.000000 0.999999 0.000000	</row1>
			<row2>	-0.999318 0.000000 0.036881	</row2>
			<row3>	83.931480 0.494279 88.829613	</row3>
		</transform>
		<reflectionVisible>	false	</reflectionVisible>
	</model>
	<model>
		<resource>	content/location/building/port/LBP228_DJ/LBP228_DJ.model	</resource>
		<transform>
			<row0>	0.036881 0.000000 0.999318	</row0>
			<row1>	0.000000 0.999999 0.000000	</row1>
			<row2>	-0.999318 0.000000 0.036881	</row2>
			<row3>	83.289955 0.494278 88.873039	</row3>
		</transform>
		<reflectionVisible>	false	</reflectionVisible>
	</model>
	<model>
		<resource>	content/location/building/port/LBP228_DJ/LBP228_DJ.model	</resource>
		<transform>
			<row0>	0.036881 0.000000 0.999318	</row0>
			<row1>	0.000000 0.999999 0.000000	</row1>
			<row2>	-0.999318 0.000000 0.036881	</row2>
			<row3>	82.977592 0.494278 88.899940	</row3>
		</transform>
		<reflectionVisible>	false	</reflectionVisible>
		<dye>
			<name>	PBS	</name>
			<tint>	PBS_cl5	</tint>
		</dye>
	</model>
	<model>
		<resource>	content/location/building/port/LBP228_DJ/LBP228_DJ.model	</resource>
		<transform>
			<row0>	0.036881 0.000000 0.999318	</row0>
			<row1>	0.000000 0.999999 0.000000	</row1>
			<row2>	-0.999318 0.000000 0.036881	</row2>
			<row3>	82.669403 0.494278 88.904671	</row3>
		</transform>
		<reflectionVisible>	false	</reflectionVisible>
	</model>
	<model>
		<resource>	content/location/building/port/LBP228_DJ/LBP228_DJ.model	</resource>
		<transform>
			<row0>	0.036881 0.000000 0.999318	</row0>
			<row1>	0.000000 0.999999 0.000000	</row1>
			<row2>	-0.999318 0.000000 0.036881	</row2>
			<row3>	82.354042 0.494278 88.926735	</row3>
		</transform>
		<reflectionVisible>	false	</reflectionVisible>
		<dye>
			<name>	PBS	</name>
			<tint>	PBS_cl6	</tint>
		</dye>
	</model>
	<model>
		<resource>	content/location/building/port/LBP228_DJ/LBP228_DJ.model	</resource>
		<transform>
			<row0>	0.036881 0.000000 0.999318	</row0>
			<row1>	0.000000 0.999999 0.000000	</row1>
			<row2>	-0.999318 0.000000 0.036881	</row2>
			<row3>	82.036705 0.494278 88.975319	</row3>
		</transform>
		<reflectionVisible>	false	</reflectionVisible>
	</model>
	<model>
		<resource>	content/location/building/port/LBP228_DJ/LBP228_DJ.model	</resource>
		<transform>
			<row0>	0.036881 0.000000 0.999318	</row0>
			<row1>	0.000000 0.999999 0.000000	</row1>
			<row2>	-0.999318 0.000000 0.036881	</row2>
			<row3>	81.426247 0.494278 88.989616	</row3>
		</transform>
		<reflectionVisible>	false	</reflectionVisible>
	</model>
	<model>
		<resource>	content/location/building/port/LBP228_DJ/LBP228_DJ.model	</resource>
		<transform>
			<row0>	0.258819 0.000000 0.965925	</row0>
			<row1>	0.000000 0.999999 0.000000	</row1>
			<row2>	-0.965925 0.000000 0.258819	</row2>
			<row3>	75.946686 0.494277 96.494331	</row3>
		</transform>
		<reflectionVisible>	false	</reflectionVisible>
		<dye>
			<name>	PBS	</name>
			<tint>	PBS_cl6	</tint>
		</dye>
	</model>
	<model>
		<resource>	content/location/building/port/LBP228_DJ/LBP228_DJ.model	</resource>
		<transform>
			<row0>	0.346881 0.000000 0.937908	</row0>
			<row1>	0.000000 0.999999 0.000000	</row1>
			<row2>	-0.937908 0.000000 0.346881	</row2>
			<row3>	78.707520 0.491747 81.618599	</row3>
		</transform>
		<reflectionVisible>	false	</reflectionVisible>
	</model>
	<model>
		<resource>	content/location/building/port/LBP228_DJ/LBP228_DJ.model	</resource>
		<transform>
			<row0>	-0.168546 0.000000 0.985692	</row0>
			<row1>	0.000000 0.999999 0.000000	</row1>
			<row2>	-0.985692 0.000000 -0.168546	</row2>
			<row3>	75.810120 0.491746 81.157394	</row3>
		</transform>
		<reflectionVisible>	false	</reflectionVisible>
		<dye>
			<name>	PBS	</name>
			<tint>	PBS_cl3	</tint>
		</dye>
	</model>
	<model>
		<resource>	content/location/building/port/LBP228_DJ/LBP228_DJ.model	</resource>
		<transform>
			<row0>	0.092313 0.000000 0.995729	</row0>
			<row1>	0.000000 0.999999 0.000000	</row1>
			<row2>	-0.995729 0.000000 0.092313	</row2>
			<row3>	77.267700 0.491746 81.004562	</row3>
		</transform>
		<reflectionVisible>	false	</reflectionVisible>
	</model>
	<model>
		<resource>	content/location/building/port/LBP228_DJ/LBP228_DJ.model	</resource>
		<transform>
			<row0>	-0.168546 0.000000 0.985692	</row0>
			<row1>	0.000000 0.999999 0.000000	</row1>
			<row2>	-0.985692 0.000000 -0.168546	</row2>
			<row3>	77.702309 0.491747 82.049347	</row3>
		</transform>
		<reflectionVisible>	false	</reflectionVisible>
		<dye>
			<name>	PBS	</name>
			<tint>	PBS_cl4	</tint>
		</dye>
	</model>
	<model>
		<resource>	content/location/building/port/LBP228_DJ/LBP228_DJ.model	</resource>
		<transform>
			<row0>	0.937907 0.000000 -0.346880	</row0>
			<row1>	0.000000 0.999997 0.000000	</row1>
			<row2>	0.346880 0.000000 0.937907	</row2>
			<row3>	76.024040 0.491747 84.459938	</row3>
		</transform>
		<reflectionVisible>	false	</reflectionVisible>
		<dye>
			<name>	PBS	</name>
			<tint>	PBS_cl4	</tint>
		</dye>
	</model>
	<model>
		<resource>	content/location/building/port/LBP235_DJ/LBP235_DJ.model	</resource>
		<transform>
			<row0>	0.993767 0.000000 -0.111454	</row0>
			<row1>	0.000000 0.999998 0.000000	</row1>
			<row2>	0.111454 0.000000 0.993767	</row2>
			<row3>	76.793823 0.494279 84.361237	</row3>
		</transform>
		<reflectionVisible>	false	</reflectionVisible>
	</model>
	<model>
		<resource>	content/location/building/port/LBP235_DJ/LBP235_DJ.model	</resource>
		<transform>
			<row0>	0.111454 0.000000 0.993766	</row0>
