<ffffffffo.chunk>
	<UserDataObject>
		<type>	WayPoint	</type>
		<transform>
			<row0>	1.0000 0.0000 0.0000	</row0>
			<row1>	0.0000 1.0000 0.0000	</row1>
			<row2>	0.0000 0.0000 1.0000	</row2>
			<row3>	74.6298 0.4917 83.4533	</row3>
		</transform>
		<guid>	44C3F709.4E4E3140.63E73B9C.DB09F887	</guid>
		<properties>
			<next>
				<item>
					<guid>	768DFEC8.47EBC402.449B3CA0.646676F2	</guid>
					<chunkId>	ffffffffo	</chunkId>
				</item>
			</next>
			<speed>	5.0000	</speed>
		</properties>
		<backLinks>
			<link>
				<guid>	27BC77A8.408B597A.8B33A7A1.720574BB	</guid>
				<chunkId>	ffff0000o	</chunkId>
			</link>
		</backLinks>
	</UserDataObject>
	<UserDataObject>
		<type>	WayPoint	</type>
		<transform>
			<row0>	1.0000 0.0000 0.0000	</row0>
			<row1>	0.0000 1.0000 0.0000	</row1>
			<row2>	0.0000 0.0000 1.0000	</row2>
			<row3>	98.5895 0.4917 76.0075	</row3>
		</transform>
		<guid>	8A17C080.405F3C04.DB8D3A9C.31D37CD2	</guid>
		<properties>
			<next>
				<item>
					<guid>	FB59408C.4FC2B12B.DB6CC394.0D85F05E	</guid>
					<chunkId>	ffffffffo	</chunkId>
				</item>
			</next>
			<speed>	5.0000	</speed>
		</properties>
		<backLinks>
			<link>
				<guid>	CCD3DD87.41330DF8.0EA02FB6.799632D2	</guid>
				<chunkId>	ffffffffo	</chunkId>
			</link>
		</backLinks>
	</UserDataObject>
	<UserDataObject>
		<type>	WayPoint	</type>
		<transform>
			<row0>	1.0000 0.0000 0.0000	</row0>
			<row1>	0.0000 1.0000 0.0000	</row1>
			<row2>	0.0000 0.0000 1.0000	</row2>
			<row3>	97.4164 0.4917 68.8046	</row3>
		</transform>
		<guid>	FE6C870D.4915E3B4.C3C7CABA.1B0A8AD3	</guid>
		<properties>
			<next>
				<item>
					<guid>	64A703F7.422E8480.B71BF2AB.64DF94A0	</guid>
					<chunkId>	ffffffffo	</chunkId>
				</item>
			</next>
			<speed>	5.0000	</speed>
		</properties>
		<backLinks>
			<link>
				<guid>	FB59408C.4FC2B12B.DB6CC394.0D85F05E	</guid>
				<chunkId>	ffffffffo	</chunkId>
			</link>
		</backLinks>
	</UserDataObject>
	<UserDataObject>
		<type>	WayPoint	</type>
		<transform>
			<row0>	1.0000 0.0000 0.0000	</row0>
			<row1>	0.0000 1.0000 0.0000	</row1>
			<row2>	0.0000 0.0000 1.0000	</row2>
			<row3>	91.8284 0.4917 68.8047	</row3>
		</transform>
		<guid>	64A703F7.422E8480.B71BF2AB.64DF94A0	</guid>
		<properties>
			<speed>	5.0000	</speed>
		</properties>
		<backLinks>
			<link>
				<guid>	FE6C870D.4915E3B4.C3C7CABA.1B0A8AD3	</guid>
				<chunkId>	ffffffffo	</chunkId>
			</link>
		</backLinks>
	</UserDataObject>
	<UserDataObject>
		<type>	WayPoint	</type>
		<transform>
			<row0>	1.0000 0.0000 0.0000	</row0>
			<row1>	0.0000 1.0000 0.0000	</row1>
			<row2>	0.0000 0.0000 1.0000	</row2>
			<row3>	98.0831 0.4917 72.9974	</row3>
		</transform>
		<guid>	FB59408C.4FC2B12B.DB6CC394.0D85F05E	</guid>
		<properties>
			<next>
				<item>
					<guid>	FE6C870D.4915E3B4.C3C7CABA.1B0A8AD3	</guid>
					<chunkId>	ffffffffo	</chunkId>
				</item>
			</next>
			<speed>	5.0000	</speed>
		</properties>
		<backLinks>
			<link>
				<guid>	8A17C080.405F3C04.DB8D3A9C.31D37CD2	</guid>
				<chunkId>	ffffffffo	</chunkId>
			</link>
		</backLinks>
	</UserDataObject>
	<UserDataObject>
		<type>	WayPoint	</type>
		<transform>
			<row0>	1.0000 0.0000 0.0000	</row0>
			<row1>	0.0000 1.0000 0.0000	</row1>
			<row2>	0.0000 0.0000 1.0000	</row2>
			<row3>	95.4817 0.4917 76.4869	</row3>
		</transform>
		<guid>	CCD3DD87.41330DF8.0EA02FB6.799632D2	</guid>
		<properties>
			<next>
				<item>
					<guid>	8A17C080.405F3C04.DB8D3A9C.31D37CD2	</guid>
					<chunkId>	ffffffffo	</chunkId>
				</item>
			</next>
			<speed>	5.0000	</speed>
		</properties>
		<backLinks>
			<link>
				<guid>	7E657F97.4BBA70A5.0273B193.29EAFFE1	</guid>
				<chunkId>	ffffffffo	</chunkId>
			</link>
		</backLinks>
	</UserDataObject>
	<UserDataObject>
		<type>	WayPoint	</type>
		<transform>
			<row0>	1.0000 0.0000 0.0000	</row0>
			<row1>	0.0000 1.0000 0.0000	</row1>
			<row2>	0.0000 0.0000 1.0000	</row2>
			<row3>	74.8237 0.4917 78.0084	</row3>
		</transform>
		<guid>	768DFEC8.47EBC402.449B3CA0.646676F2	</guid>
		<properties>
			<next>
				<item>
					<guid>	9175844F.419BA13F.66D1FF8A.B12FB1A1	</guid>
					<chunkId>	ffffffffo	</chunkId>
				</item>
			</next>
			<speed>	5.0000	</speed>
		</properties>
		<backLinks>
			<link>
				<guid>	44C3F709.4E4E3140.63E73B9C.DB09F887	</guid>
				<chunkId>	ffffffffo	</chunkId>
			</link>
		</backLinks>
	</UserDataObject>
	<UserDataObject>
		<type>	WayPoint	</type>
		<transform>
			<row0>	1.0000 0.0000 0.0000	</row0>
			<row1>	0.0000 1.0000 0.0000	</row1>
			<row2>	0.0000 0.0000 1.0000	</row2>
			<row3>	77.7276 0.4917 77.7287	</row3>
		</transform>
		<guid>	9175844F.419BA13F.66D1FF8A.B12FB1A1	</guid>
		<properties>
			<speed>	5.0000	</speed>
		</properties>
		<backLinks>
			<link>
				<guid>	768DFEC8.47EBC402.449B3CA0.646676F2	</guid>
				<chunkId>	ffffffffo	</chunkId>
			</link>
		</backLinks>
	</UserDataObject>
	<UserDataObject>
		<type>	WayPoint	</type>
		<transform>
			<row0>	1.0000 0.0000 0.0000	</row0>
			<row1>	0.0000 1.0000 0.0000	</row1>
			<row2>	0.0000 0.0000 1.0000	</row2>
			<row3>	79.2185 0.4917 77.7656	</row3>
		</transform>
		<guid>	7E657F97.4BBA70A5.0273B193.29EAFFE1	</guid>
		<properties>
			<next>
				<item>
					<guid>	CCD3DD87.41330DF8.0EA02FB6.799632D2	</guid>
					<chunkId>	ffffffffo	</chunkId>
				</item>
			</next>
			<speed>	1.0000	</speed>
			<model>	content/location/building/port/LBP240_DJ/LBP240_DJ.model	</model>
			<modelCount>	2	</modelCount>
			<delaySecMin>	3.0000	</delaySecMin>
			<delaySecMax>	9.0000	</delaySecMax>
		</properties>
		<backLinks />
	</UserDataObject>
	<UserDataObject>
		<type>	WayPoint	</type>
		<transform>
			<row0>	1.0000 0.0000 0.0000	</row0>
			<row1>	0.0000 1.0000 0.0000	</row1>
			<row2>	0.0000 0.0000 1.0000	</row2>
			<row3>	75.3597 0.4917 78.2110	</row3>
		</transform>
		<guid>	56E60511.40A1E9F2.0E8175BD.48A8CE76	</guid>
		<properties>
			<next>
				<item>
					<guid>	CA38BB6D.4C297BB8.838565BE.464AE1CC	</guid>
					<chunkId>	ffffffffo	</chunkId>
				</item>
			</next>
			<speed>	1.0000	</speed>
			<modelCount>	9	</modelCount>
			<delaySecMin>	3.0000	</delaySecMin>
			<delaySecMax>	15.0000	</delaySecMax>
		</properties>
		<backLinks>
			<link>
				<guid>	3D048960.4D951DF5.443D39A1.CCEA09AC	</guid>
				<chunkId>	ffffffffo	</chunkId>
			</link>
		</backLinks>
	</UserDataObject>
	<UserDataObject>
		<type>	WayPoint	</type>
		<transform>
			<row0>	1.0000 0.0000 0.0000	</row0>
			<row1>	0.0000 1.0000 0.0000	</row1>
			<row2>	0.0000 0.0000 1.0000	</row2>
			<row3>	75.2676 0.4917 84.1345	</row3>
		</transform>
		<guid>	CA38BB6D.4C297BB8.838565BE.464AE1CC	</guid>
		<properties>
			<next>
				<item>
					<guid>	29A349BD.4C8F3764.9725128E.1658E813	</guid>
					<chunkId>	ffff0000o	</chunkId>
				</item>
			</next>
			<speed>	1.0000	</speed>
			<modelCount>	9	</modelCount>
			<delaySecMin>	3.0000	</delaySecMin>
			<delaySecMax>	15.0000	</delaySecMax>
		</properties>
		<backLinks>
			<link>
				<guid>	56E60511.40A1E9F2.0E8175BD.48A8CE76	</guid>
				<chunkId>	ffffffffo	</chunkId>
			</link>
		</backLinks>
	</UserDataObject>
	<UserDataObject>
		<type>	WayPoint	</type>
		<transform>
			<row0>	1.0000 0.0000 0.0000	</row0>
			<row1>	0.0000 1.0000 0.0000	</row1>
			<row2>	0.0000 0.0000 1.0000	</row2>
			<row3>	77.5517 0.4917 78.0406	</row3>
		</transform>
		<guid>	3D048960.4D951DF5.443D39A1.CCEA09AC	</guid>
		<properties>
			<next>
				<item>
					<guid>	56E60511.40A1E9F2.0E8175BD.48A8CE76	</guid>
					<chunkId>	ffffffffo	</chunkId>
				</item>
			</next>
			<speed>	1.0000	</speed>
			<model>	content/location/building/port/LBP240_DJ/LBP240_DJ.model	</model>
			<modelCount>	5	</modelCount>
			<delaySecMin>	3.0000	</delaySecMin>
			<delaySecMax>	15.0000	</delaySecMax>
		</properties>
		<backLinks />
	</UserDataObject>
	<model>
		<resource>	content/location/building/port/LBP229_DJ/LBP229_DJ.model	</resource>
		<transform>
			<row0>	-0.1033 0.0000 -0.9947	</row0>
			<row1>	0.0000 1.0000 0.0000	</row1>
			<row2>	0.9947 0.0000 -0.1033	</row2>
			<row3>	90.8916 0.0000 80.8072	</row3>
		</transform>
		<reflectionVisible>	false	</reflectionVisible>
	</model>
	<model>
		<resource>	content/location/building/port/LBP229_DJ/LBP229_DJ.model	</resource>
		<transform>
			<row0>	-0.1699 0.0000 -0.9855	</row0>
			<row1>	0.0000 1.0000 0.0000	</row1>
			<row2>	0.9855 0.0000 -0.1699	</row2>
			<row3>	94.8246 0.0000 78.1036	</row3>
		</transform>
		<reflectionVisible>	false	</reflectionVisible>
	</model>
	<model>
		<resource>	content/location/building/port/LBP229_DJ/LBP229_DJ.model	</resource>
		<transform>
			<row0>	-0.1699 0.0000 -0.9855	</row0>
			<row1>	0.0000 1.0000 0.0000	</row1>
			<row2>	1.0303 0.0000 -0.1777	</row2>
			<row3>	98.8400 0.0000 77.4079	</row3>
		</transform>
		<reflectionVisible>	false	</reflectionVisible>
	</model>
	<model>
		<resource>	content/location/building/port/LBP206_DJ/LBP206_DJ.model	</resource>
		<transform>
			<row0>	-0.7581 0.0000 -0.6521	</row0>
			<row1>	0.0000 1.0000 0.0000	</row1>
			<row2>	0.6521 -0.0000 -0.7581	</row2>
			<row3>	61.6623 0.4938 99.0356	</row3>
		</transform>
		<reflectionVisible>	false	</reflectionVisible>
	</model>
	<model>
		<resource>	content/location/building/port/LBP229_DJ/LBP229_DJ.model	</resource>
		<transform>
			<row0>	-0.1204 0.0000 -0.9927	</row0>
			<row1>	0.0000 1.0000 0.0000	</row1>
			<row2>	1.0274 0.0000 -0.1246	</row2>
			<row3>	86.8690 0.0000 81.2602	</row3>
		</transform>
		<reflectionVisible>	false	</reflectionVisible>
	</model>
	<model>
		<resource>	content/location/building/port/LBP229_DJ/LBP229_DJ.model	</resource>
		<transform>
			<row0>	-0.1067 0.0000 -0.9943	</row0>
			<row1>	0.0000 1.0000 0.0000	</row1>
			<row2>	1.0370 0.0000 -0.1112	</row2>
			<row3>	78.4187 0.0000 84.1997	</row3>
		</transform>
		<reflectionVisible>	false	</reflectionVisible>
	</model>
	<model>
		<resource>	content/location/building/port/LBP229_DJ/LBP229_DJ.model	</resource>
		<transform>
			<row0>	-0.9976 0.0000 -0.0692	</row0>
			<row1>	0.0000 1.0000 0.0000	</row1>
			<row2>	0.0692 0.0000 -0.9976	</row2>
			<row3>	75.8710 0.0000 86.6762	</row3>
		</transform>
		<reflectionVisible>	false	</reflectionVisible>
	</model>
	<model>
		<resource>	content/location/building/port/LBP229_DJ/LBP229_DJ.model	</resource>
		<transform>
			<row0>	-0.9976 0.0000 -0.0692	</row0>
			<row1>	0.0000 1.0000 0.0000	</row1>
			<row2>	0.0692 0.0000 -0.9976	</row2>
			<row3>	75.6009 0.0000 90.5895	</row3>
		</transform>
		<reflectionVisible>	false	</reflectionVisible>
	</model>
	<model>
		<resource>	content/location/building/port/LBP229_DJ/LBP229_DJ.model	</resource>
		<transform>
			<row0>	-0.9976 0.0000 -0.0692	</row0>
			<row1>	0.0000 1.0000 0.0000	</row1>
			<row2>	0.0692 0.0000 -0.9976	</row2>
			<row3>	75.3260 0.0000 94.5706	</row3>
		</transform>
		<reflectionVisible>	false	</reflectionVisible>
	</model>
	<model>
		<resource>	content/location/building/port/LBP229_DJ/LBP229_DJ.model	</resource>
		<transform>
			<row0>	-0.9976 0.0000 -0.0692	</row0>
			<row1>	0.0000 1.0000 0.0000	</row1>
			<row2>	0.0692 0.0000 -0.9976	</row2>
			<row3>	75.0503 0.0000 98.5097	</row3>
		</transform>
		<reflectionVisible>	false	</reflectionVisible>
	</model>
	<model>
		<resource>	content/location/building/port/LBP229_DJ/LBP229_DJ.model	</resource>
		<transform>
			<row0>	-0.1204 0.0000 -0.9927	</row0>
			<row1>	0.0000 1.0000 0.0000	</row1>
			<row2>	0.9927 0.0000 -0.1204	</row2>
			<row3>	82.8369 -0.0000 81.7396	</row3>
		</transform>
		<reflectionVisible>	false	</reflectionVisible>
	</model>
	<model>
		<resource>	content/location/building/port/LBP229_DJ/LBP229_DJ.model	</resource>
		<transform>
			<row0>	0.0591 0.0000 0.9982	</row0>
			<row1>	0.0000 1.0000 0.0000	</row1>
			<row2>	-0.9982 0.0000 0.0591	</row2>
			<row3>	85.1864 0.0000 88.4801	</row3>
		</transform>
		<reflectionVisible>	false	</reflectionVisible>
	</model>
	<model>
		<resource>	content/location/building/port/LBP229_DJ/LBP229_DJ.model	</resource>
		<transform>
			<row0>	-0.0591 0.0000 -0.9982	</row0>
			<row1>	0.0000 1.0000 0.0000	</row1>
			<row2>	0.9982 0.0000 -0.0591	</row2>
			<row3>	85.2261 0.0000 89.2385	</row3>
		</transform>
		<reflectionVisible>	false	</reflectionVisible>
	</model>
	<model>
		<resource>	content/location/building/port/LBP229_DJ/LBP229_DJ.model	</resource>
		<transform>
			<row0>	-0.0591 0.0000 -0.9982	</row0>
			<row1>	0.0000 1.0000 0.0000	</row1>
			<row2>	0.9982 0.0000 -0.0591	</row2>
			<row3>	81.2798 0.0000 89.4701	</row3>
		</transform>
		<reflectionVisible>	false	</reflectionVisible>
	</model>
	<model>
		<resource>	content/location/building/port/LBP229_DJ/LBP229_DJ.model	</resource>
		<transform>
			<row0>	0.0591 0.0000 0.9982	</row0>
			<row1>	0.0000 1.0000 0.0000	</row1>
			<row2>	-0.9982 0.0000 0.0591	</row2>
			<row3>	81.2030 0.0000 88.7127	</row3>
		</transform>
		<reflectionVisible>	false	</reflectionVisible>
	</model>
	<model>
		<resource>	content/location/building/port/LBP229_DJ/LBP229_DJ.model	</resource>
		<transform>
			<row0>	-0.0591 0.0000 -0.9982	</row0>
			<row1>	0.0000 1.0000 0.0000	</row1>
			<row2>	0.8378 0.0000 -0.0496	</row2>
			<row3>	77.6130 0.0000 89.6831	</row3>
		</transform>
		<reflectionVisible>	false	</reflectionVisible>
	</model>
	<model>
		<resource>	content/location/building/port/LBP229_DJ/LBP229_DJ.model	</resource>
		<transform>
			<row0>	0.0591 0.0000 0.9982	</row0>
			<row1>	0.0000 1.0000 0.0000	</row1>
			<row2>	-0.8378 0.0000 0.0496	</row2>
			<row3>	77.6351 0.0000 88.9243	</row3>
		</transform>
		<reflectionVisible>	false	</reflectionVisible>
	</model>
	<model>
		<resource>	content/location/building/port/LBP229_DJ/LBP229_DJ.model	</resource>
		<transform>
			<row0>	0.0141 0.0000 0.9999	</row0>
			<row1>	0.0000 1.0000 0.0000	</row1>
			<row2>	-0.8392 0.0000 0.0118	</row2>
			<row3>	77.2498 0.0000 96.2367	</row3>
		</transform>
		<reflectionVisible>	false	</reflectionVisible>
	</model>
	<model>
		<resource>	content/location/building/port/LBP229_DJ/LBP229_DJ.model	</resource>
		<transform>
			<row0>	-0.0141 0.0000 -0.9999	</row0>
			<row1>	0.0000 1.0000 0.0000	</row1>
			<row2>	0.8392 0.0000 -0.0118	</row2>
			<row3>	77.1936 0.0000 96.9938	</row3>
		</transform>
		<reflectionVisible>	false	</reflectionVisible>
	</model>
	<model>
		<resource>	content/location/building/port/LBP229_DJ/LBP229_DJ.model	</resource>
		<transform>
			<row0>	0.0141 0.0000 0.9999	</row0>
			<row1>	0.0000 1.0000 0.0000	</row1>
			<row2>	-0.9999 0.0000 0.0141	</row2>
			<row3>	80.8236 0.0000 96.1860	</row3>
		</transform>
		<reflectionVisible>	false	</reflectionVisible>
	</model>
	<model>
		<resource>	content/location/building/port/LBP229_DJ/LBP229_DJ.model	</resource>
		<transform>
			<row0>	-0.0141 0.0000 -0.9999	</row0>
			<row1>	0.0000 1.0000 0.0000	</row1>
			<row2>	0.9999 0.0000 -0.0141	</row2>
			<row3>	80.8663 0.0000 96.9461	</row3>
		</transform>
		<reflectionVisible>	false	</reflectionVisible>
	</model>
	<model>
		<resource>	content/location/building/port/LBP229_DJ/LBP229_DJ.model	</resource>
		<transform>
			<row0>	-0.0141 0.0000 -0.9999	</row0>
			<row1>	0.0000 1.0000 0.0000	</row1>
			<row2>	0.9999 0.0000 -0.0141	</row2>
			<row3>	84.8190 0.0000 96.8924	</row3>
		</transform>
		<reflectionVisible>	false	</reflectionVisible>
	</model>
	<model>
		<resource>	content/location/building/port/LBP229_DJ/LBP229_DJ.model	</resource>
		<transform>
			<row0>	0.0141 0.0000 0.9999	</row0>
			<row1>	0.0000 1.0000 0.0000	</row1>
			<row2>	-0.9999 0.0000 0.0141	</row2>
			<row3>	84.8135 0.0000 96.1330	</row3>
		</transform>
		<reflectionVisible>	false	</reflectionVisible>
	</model>
	<model>
		<resource>	content/location/building/port/LBP233_DJ/LBP233_DJ.model	</resource>
		<transform>
			<row0>	0.0907 0.0000 0.9959	</row0>
			<row1>	0.0000 1.0000 0.0000	</row1>
			<row2>	-0.9959 0.0000 0.0907	</row2>
			<row3>	77.9161 0.0000 85.3434	</row3>
		</transform>
		<reflectionVisible>	false	</reflectionVisible>
	</model>
	<model>
		<resource>	content/location/building/port/LBP233_DJ/LBP233_DJ.model	</resource>
		<transform>
			<row0>	0.1307 0.0000 0.9914	</row0>
			<row1>	0.0000 1.0000 0.0000	</row1>
			<row2>	-0.9914 0.0000 0.1307	</row2>
			<row3>	82.9817 0.0000 82.8110	</row3>
		</transform>
		<reflectionVisible>	false	</reflectionVisible>
	</model>
	<model>
		<resource>	content/location/building/port/LBP233_DJ/LBP233_DJ.model	</resource>
		<transform>
			<row0>	0.1307 0.0000 0.9914	</row0>
			<row1>	0.0000 1.0000 0.0000	</row1>
			<row2>	-0.9914 0.0000 0.1307	</row2>
			<row3>	88.8062 0.0000 82.0417	</row3>
		</transform>
		<reflectionVisible>	false	</reflectionVisible>
	</model>
	<model>
		<resource>	content/location/building/port/LBP233_DJ/LBP233_DJ.model	</resource>
		<transform>
			<row0>	0.2133 0.0000 1.6866	</row0>
			<row1>	0.0000 1.0000 0.0000	</row1>
			<row2>	-1.4811 0.0000 0.2376	</row2>
			<row3>	95.5107 0.0000 79.3865	</row3>
		</transform>
		<reflectionVisible>	false	</reflectionVisible>
	</model>
	<model>
		<resource>	content/location/building/port/LBP233_DJ/LBP233_DJ.model	</resource>
		<transform>
			<row0>	-0.0398 0.0000 -0.9992	</row0>
			<row1>	-0.0000 1.0000 0.0000	</row1>
			<row2>	0.9992 0.0000 -0.0398	</row2>
			<row3>	78.1078 -0.0000 97.9612	</row3>
		</transform>
		<reflectionVisible>	false	</reflectionVisible>
	</model>
	<model>
		<resource>	content/location/building/port/LBP233_DJ/LBP233_DJ.model	</resource>
		<transform>
			<row0>	-0.0398 0.0000 -0.9992	</row0>
			<row1>	-0.0000 1.0000 0.0000	</row1>
			<row2>	0.9992 0.0000 -0.0398	</row2>
			<row3>	84.1303 -0.0000 97.8231	</row3>
		</transform>
		<reflectionVisible>	false	</reflectionVisible>
	</model>
	<model>
		<resource>	content/location/building/port/LBP232_DJ/LBP232_DJ.model	</resource>
    <action>
      <name>    idle    </name>
      <frameRateMultiplier>    0.1900    </frameRateMultiplier>
    </action>
		<!--<animation>
			<name>	NL232_DJ	</name>
			<frameRateMultiplier>	0.190000	</frameRateMultiplier>
		</animation>-->
		<transform>
			<row0>	-0.9986 0.0000 0.0519	</row0>
			<row1>	0.0000 1.0000 0.0000	</row1>
			<row2>	-0.0519 0.0000 -0.9986	</row2>
			<row3>	96.5481 0.2357 79.3937	</row3>
		</transform>
		<reflectionVisible>	false	</reflectionVisible>
	</model>
	<model>
		<resource>	content/location/building/port/LBP219_DJ/LBP219_DJ.model	</resource>
		<transform>
			<row0>	-0.1831 0.0000 -1.1353	</row0>
			<row1>	0.0000 1.1499 0.0000	</row1>
			<row2>	1.1353 0.0000 -0.1831	</row2>
			<row3>	99.5477 0.4760 66.5781	</row3>
		</transform>
		<reflectionVisible>	false	</reflectionVisible>
	</model>
	<model>
		<resource>	content/location/building/port/LBP202_DJ/LBP202_DJ.model	</resource>
		<transform>
			<row0>	1.1190 0.0000 -0.1789	</row0>
			<row1>	0.0000 1.1333 0.0000	</row1>
			<row2>	0.1789 0.0000 1.1190	</row2>
			<row3>	91.2356 1.9406 73.4147	</row3>
		</transform>
		<reflectionVisible>	false	</reflectionVisible>
	</model>
	<model>
		<resource>	content/location/building/port/LBP202_DJ/LBP202_DJ.model	</resource>
		<transform>
			<row0>	1.1190 0.0000 -0.1789	</row0>
			<row1>	0.0000 1.1333 0.0000	</row1>
			<row2>	0.1789 0.0000 1.1190	</row2>
			<row3>	94.9118 1.9406 72.8466	</row3>
		</transform>
		<reflectionVisible>	false	</reflectionVisible>
	</model>
	<model>
		<resource>	content/location/building/port/LBP200_DJ/LBP200_DJ.model	</resource>
		<transform>
			<row0>	1.1215 0.0000 -0.1626	</row0>
			<row1>	0.0000 1.4041 0.0000	</row1>
			<row2>	0.1626 -0.0000 1.1215	</row2>
			<row3>	92.8430 0.4766 73.1400	</row3>
		</transform>
		<reflectionVisible>	false	</reflectionVisible>
	</model>
	<model>
		<resource>	content/location/building/port/LBP207_DJ/LBP207_DJ.model	</resource>
		<transform>
			<row0>	-0.1556 0.0000 -0.9878	</row0>
			<row1>	0.0000 0.7795 0.0000	</row1>
			<row2>	0.9878 -0.0000 -0.1556	</row2>
			<row3>	88.2140 0.4772 74.0479	</row3>
		</transform>
		<reflectionVisible>	false	</reflectionVisible>
	</model>
	<model>
		<resource>	content/location/building/port/LBP228_DJ/LBP228_DJ.model	</resource>
		<transform>
			<row0>	0.0000 0.0000 1.0000	</row0>
			<row1>	0.0000 1.0000 0.0000	</row1>
			<row2>	-1.0000 0.0000 0.0000	</row2>
			<row3>	84.6031 0.4943 96.5229	</row3>
		</transform>
		<reflectionVisible>	false	</reflectionVisible>
	</model>
	<model>
		<resource>	content/location/building/port/LBP228_DJ/LBP228_DJ.model	</resource>
		<transform>
			<row0>	0.0000 0.0000 1.0000	</row0>
			<row1>	0.0000 1.0000 0.0000	</row1>
			<row2>	-1.0000 0.0000 0.0000	</row2>
			<row3>	84.2854 0.4943 96.5410	</row3>
		</transform>
		<reflectionVisible>	false	</reflectionVisible>
	</model>
	<model>
		<resource>	content/location/building/port/LBP228_DJ/LBP228_DJ.model	</resource>
		<transform>
			<row0>	0.0000 0.0000 1.0000	</row0>
			<row1>	0.0000 1.0000 0.0000	</row1>
			<row2>	-1.0000 0.0000 0.0000	</row2>
			<row3>	83.6641 0.4943 96.5497	</row3>
		</transform>
		<reflectionVisible>	false	</reflectionVisible>
	</model>
	<model>
		<resource>	content/location/building/port/LBP228_DJ/LBP228_DJ.model	</resource>
		<transform>
			<row0>	0.0000 0.0000 1.0000	</row0>
			<row1>	0.0000 1.0000 0.0000	</row1>
			<row2>	-1.0000 0.0000 0.0000	</row2>
			<row3>	83.0292 0.4943 96.5970	</row3>
		</transform>
		<reflectionVisible>	false	</reflectionVisible>
	</model>
	<model>
		<resource>	content/location/building/port/LBP228_DJ/LBP228_DJ.model	</resource>
		<transform>
			<row0>	0.0000 0.0000 1.0000	</row0>
			<row1>	0.0000 1.0000 0.0000	</row1>
			<row2>	-1.0000 0.0000 0.0000	</row2>
			<row3>	82.7247 0.4943 96.5536	</row3>
		</transform>
		<reflectionVisible>	false	</reflectionVisible>
	</model>
	<model>
		<resource>	content/location/building/port/LBP228_DJ/LBP228_DJ.model	</resource>
		<transform>
			<row0>	0.0000 0.0000 1.0000	</row0>
			<row1>	0.0000 1.0000 0.0000	</row1>
			<row2>	-1.0000 0.0000 0.0000	</row2>
			<row3>	82.4187 0.4943 96.5888	</row3>
		</transform>
		<reflectionVisible>	false	</reflectionVisible>
	</model>
	<model>
		<resource>	content/location/building/port/LBP228_DJ/LBP228_DJ.model	</resource>
		<transform>
			<row0>	0.0000 0.0000 1.0000	</row0>
			<row1>	0.0000 1.0000 0.0000	</row1>
			<row2>	-1.0000 0.0000 0.0000	</row2>
			<row3>	81.6703 0.4943 96.5414	</row3>
		</transform>
		<reflectionVisible>	false	</reflectionVisible>
	</model>
	<model>
		<resource>	content/location/building/port/LBP228_DJ/LBP228_DJ.model	</resource>
		<transform>
			<row0>	0.0000 0.0000 1.0000	</row0>
			<row1>	0.0000 1.0000 0.0000	</row1>
			<row2>	-1.0000 0.0000 0.0000	</row2>
			<row3>	81.3526 0.4943 96.5595	</row3>
		</transform>
		<reflectionVisible>	false	</reflectionVisible>
	</model>
	<model>
		<resource>	content/location/building/port/LBP228_DJ/LBP228_DJ.model	</resource>
		<transform>
			<row0>	0.0000 0.0000 1.0000	</row0>
			<row1>	0.0000 1.0000 0.0000	</row1>
			<row2>	-1.0000 0.0000 0.0000	</row2>
			<row3>	81.0395 0.4943 96.5749	</row3>
		</transform>
		<reflectionVisible>	false	</reflectionVisible>
	</model>
	<model>
		<resource>	content/location/building/port/LBP228_DJ/LBP228_DJ.model	</resource>
		<transform>
			<row0>	0.0000 0.0000 1.0000	</row0>
			<row1>	0.0000 1.0000 0.0000	</row1>
			<row2>	-1.0000 0.0000 0.0000	</row2>
			<row3>	80.7313 0.4943 96.5682	</row3>
		</transform>
		<reflectionVisible>	false	</reflectionVisible>
	</model>
	<model>
		<resource>	content/location/building/port/LBP228_DJ/LBP228_DJ.model	</resource>
		<transform>
			<row0>	0.0000 0.0000 1.0000	</row0>
			<row1>	0.0000 1.0000 0.0000	</row1>
			<row2>	-1.0000 0.0000 0.0000	</row2>
			<row3>	80.4154 0.4943 96.5787	</row3>
		</transform>
		<reflectionVisible>	false	</reflectionVisible>
	</model>
	<model>
		<resource>	content/location/building/port/LBP228_DJ/LBP228_DJ.model	</resource>
		<transform>
			<row0>	0.0000 0.0000 1.0000	</row0>
			<row1>	0.0000 1.0000 0.0000	</row1>
			<row2>	-1.0000 0.0000 0.0000	</row2>
			<row3>	79.7919 0.4943 96.5721	</row3>
		</transform>
		<reflectionVisible>	false	</reflectionVisible>
	</model>
	<model>
		<resource>	content/location/building/port/LBP228_DJ/LBP228_DJ.model	</resource>
		<transform>
			<row0>	0.0000 0.0000 1.0000	</row0>
			<row1>	0.0000 1.0000 0.0000	</row1>
			<row2>	-1.0000 0.0000 0.0000	</row2>
			<row3>	79.4859 0.4943 96.6073	</row3>
		</transform>
		<reflectionVisible>	false	</reflectionVisible>
	</model>
	<model>
		<resource>	content/location/building/port/LBP206_DJ/LBP206_DJ.model	</resource>
		<transform>
			<row0>	0.7332 0.0000 -0.0551	</row0>
			<row1>	-0.0000 0.6879 0.0000	</row1>
			<row2>	0.0368 0.0000 0.4902	</row2>
			<row3>	78.0559 0.4856 83.6227	</row3>
		</transform>
		<reflectionVisible>	false	</reflectionVisible>
	</model>
	<model>
		<resource>	content/location/building/port/LBP228_DJ/LBP228_DJ.model	</resource>
		<transform>
			<row0>	0.0923 0.0000 0.9957	</row0>
			<row1>	0.0000 1.0000 0.0000	</row1>
			<row2>	-0.9957 0.0000 0.0923	</row2>
			<row3>	76.3707 0.4917 82.0629	</row3>
		</transform>
		<reflectionVisible>	false	</reflectionVisible>
	</model>
	<model>
		<resource>	content/location/building/port/LBP228_DJ/LBP228_DJ.model	</resource>
		<transform>
			<row0>	0.0923 0.0000 0.9957	</row0>
			<row1>	0.0000 1.0000 0.0000	</row1>
			<row2>	-0.9957 0.0000 0.0923	</row2>
			<row3>	76.6844 0.4917 82.0233	</row3>
		</transform>
		<reflectionVisible>	false	</reflectionVisible>
	</model>
	<model>
		<resource>	content/location/building/port/LBP228_DJ/LBP228_DJ.model	</resource>
		<transform>
			<row0>	0.0923 0.0000 0.9957	</row0>
			<row1>	0.0000 1.0000 0.0000	</row1>
			<row2>	-0.9957 0.0000 0.0923	</row2>
			<row3>	76.9919 0.4917 82.0015	</row3>
		</transform>
		<reflectionVisible>	false	</reflectionVisible>
	</model>
	<model>
		<resource>	content/location/building/port/LBP228_DJ/LBP228_DJ.model	</resource>
		<transform>
			<row0>	0.0923 0.0000 0.9957	</row0>
			<row1>	0.0000 1.0000 0.0000	</row1>
			<row2>	-0.9957 0.0000 0.0923	</row2>
			<row3>	77.3022 0.4917 81.9573	</row3>
		</transform>
		<reflectionVisible>	false	</reflectionVisible>
	</model>
	<model>
		<resource>	content/location/building/port/LBP228_DJ/LBP228_DJ.model	</resource>
		<transform>
			<row0>	0.0923 0.0000 0.9957	</row0>
			<row1>	0.0000 1.0000 0.0000	</row1>
			<row2>	-0.9957 0.0000 0.0923	</row2>
			<row3>	79.2296 0.4917 81.8376	</row3>
		</transform>
		<reflectionVisible>	false	</reflectionVisible>
	</model>
	<model>
		<resource>	content/location/building/port/LBP228_DJ/LBP228_DJ.model	</resource>
		<transform>
			<row0>	0.0923 0.0000 0.9957	</row0>
			<row1>	0.0000 1.0000 0.0000	</row1>
			<row2>	-0.9957 0.0000 0.0923	</row2>
			<row3>	79.5370 0.4917 81.8157	</row3>
		</transform>
		<reflectionVisible>	false	</reflectionVisible>
	</model>
	<model>
		<resource>	content/location/building/port/LBP228_DJ/LBP228_DJ.model	</resource>
		<transform>
			<row0>	0.0923 0.0000 0.9957	</row0>
			<row1>	0.0000 1.0000 0.0000	</row1>
			<row2>	-0.9957 0.0000 0.0923	</row2>
			<row3>	79.8474 0.4917 81.7715	</row3>
		</transform>
		<reflectionVisible>	false	</reflectionVisible>
	</model>
	<model>
		<resource>	content/location/building/port/LBP228_DJ/LBP228_DJ.model	</resource>
		<transform>
			<row0>	0.0923 0.0000 0.9957	</row0>
			<row1>	0.0000 1.0000 0.0000	</row1>
			<row2>	-0.9957 0.0000 0.0923	</row2>
			<row3>	80.1621 0.4917 81.7242	</row3>
		</transform>
		<reflectionVisible>	false	</reflectionVisible>
	</model>
	<model>
		<resource>	content/location/building/port/LBP228_DJ/LBP228_DJ.model	</resource>
		<transform>
			<row0>	0.0923 0.0000 0.9957	</row0>
			<row1>	0.0000 1.0000 0.0000	</row1>
			<row2>	-0.9957 0.0000 0.0923	</row2>
			<row3>	76.2890 0.4917 81.2424	</row3>
		</transform>
		<reflectionVisible>	false	</reflectionVisible>
	</model>
	<model>
		<resource>	content/location/building/port/LBP228_DJ/LBP228_DJ.model	</resource>
		<transform>
			<row0>	0.0923 0.0000 0.9957	</row0>
			<row1>	0.0000 1.0000 0.0000	</row1>
			<row2>	-0.9957 0.0000 0.0923	</row2>
			<row3>	76.5965 0.4917 81.2206	</row3>
		</transform>
		<reflectionVisible>	false	</reflectionVisible>
	</model>
	<model>
		<resource>	content/location/building/port/LBP228_DJ/LBP228_DJ.model	</resource>
		<transform>
			<row0>	0.0923 0.0000 0.9957	</row0>
			<row1>	0.0000 1.0000 0.0000	</row1>
			<row2>	-0.9957 0.0000 0.0923	</row2>
			<row3>	76.9069 0.4917 81.1764	</row3>
		</transform>
		<reflectionVisible>	false	</reflectionVisible>
	</model>
	<model>
		<resource>	content/location/building/port/LBP228_DJ/LBP228_DJ.model	</resource>
		<transform>
			<row0>	0.0923 0.0000 0.9957	</row0>
			<row1>	0.0000 1.0000 0.0000	</row1>
			<row2>	-0.9957 0.0000 0.0923	</row2>
			<row3>	82.0713 0.4943 81.4847	</row3>
		</transform>
		<reflectionVisible>	false	</reflectionVisible>
	</model>
	<model>
		<resource>	content/location/building/port/LBP228_DJ/LBP228_DJ.model	</resource>
		<transform>
			<row0>	0.0923 0.0000 0.9957	</row0>
			<row1>	0.0000 1.0000 0.0000	</row1>
			<row2>	-0.9957 0.0000 0.0923	</row2>
			<row3>	82.3850 0.4943 81.4452	</row3>
		</transform>
		<reflectionVisible>	false	</reflectionVisible>
	</model>
	<model>
		<resource>	content/location/building/port/LBP228_DJ/LBP228_DJ.model	</resource>
		<transform>
			<row0>	0.0923 0.0000 0.9957	</row0>
			<row1>	0.0000 1.0000 0.0000	</row1>
			<row2>	-0.9957 0.0000 0.0923	</row2>
			<row3>	82.6924 0.4943 81.4233	</row3>
		</transform>
		<reflectionVisible>	false	</reflectionVisible>
	</model>
	<model>
		<resource>	content/location/building/port/LBP228_DJ/LBP228_DJ.model	</resource>
		<transform>
			<row0>	0.0923 0.0000 0.9957	</row0>
			<row1>	0.0000 1.0000 0.0000	</row1>
			<row2>	-0.9957 0.0000 0.0923	</row2>
			<row3>	83.0028 0.4943 81.3791	</row3>
		</transform>
		<reflectionVisible>	false	</reflectionVisible>
	</model>
	<model>
		<resource>	content/location/building/port/LBP228_DJ/LBP228_DJ.model	</resource>
		<transform>
			<row0>	0.0923 0.0000 0.9957	</row0>
			<row1>	0.0000 1.0000 0.0000	</row1>
			<row2>	-0.9957 0.0000 0.0923	</row2>
			<row3>	83.3175 0.4943 81.3318	</row3>
		</transform>
		<reflectionVisible>	false	</reflectionVisible>
	</model>
	<model>
		<resource>	content/location/building/port/LBP228_DJ/LBP228_DJ.model	</resource>
		<transform>
			<row0>	0.0923 0.0000 0.9957	</row0>
			<row1>	0.0000 1.0000 0.0000	</row1>
			<row2>	-0.9957 0.0000 0.0923	</row2>
			<row3>	84.9259 0.4917 81.1459	</row3>
		</transform>
		<reflectionVisible>	false	</reflectionVisible>
	</model>
	<model>
		<resource>	content/location/building/port/LBP228_DJ/LBP228_DJ.model	</resource>
		<transform>
			<row0>	0.0923 0.0000 0.9957	</row0>
			<row1>	0.0000 1.0000 0.0000	</row1>
			<row2>	-0.9957 0.0000 0.0923	</row2>
			<row3>	85.2396 0.4917 81.1064	</row3>
		</transform>
		<reflectionVisible>	false	</reflectionVisible>
	</model>
	<model>
		<resource>	content/location/building/port/LBP228_DJ/LBP228_DJ.model	</resource>
		<transform>
			<row0>	0.0923 0.0000 0.9957	</row0>
			<row1>	0.0000 1.0000 0.0000	</row1>
			<row2>	-0.9957 0.0000 0.0923	</row2>
			<row3>	85.5470 0.4917 81.0845	</row3>
		</transform>
		<reflectionVisible>	false	</reflectionVisible>
	</model>
	<model>
		<resource>	content/location/building/port/LBP228_DJ/LBP228_DJ.model	</resource>
		<transform>
			<row0>	0.0923 0.0000 0.9957	</row0>
			<row1>	0.0000 1.0000 0.0000	</row1>
			<row2>	-0.9957 0.0000 0.0923	</row2>
			<row3>	85.8574 0.4917 81.0404	</row3>
		</transform>
		<reflectionVisible>	false	</reflectionVisible>
	</model>
	<model>
		<resource>	content/location/building/port/LBP228_DJ/LBP228_DJ.model	</resource>
		<transform>
			<row0>	0.0923 0.0000 0.9957	</row0>
			<row1>	0.0000 1.0000 0.0000	</row1>
			<row2>	-0.9957 0.0000 0.0923	</row2>
			<row3>	86.1721 0.4917 80.9930	</row3>
		</transform>
		<reflectionVisible>	false	</reflectionVisible>
	</model>
	<model>
		<resource>	content/location/building/port/LBP234_DJ/LBP234_DJ.model	</resource>
		<transform>
			<row0>	0.9832 0.0000 0.1823	</row0>
			<row1>	0.0000 1.0000 0.0000	</row1>
			<row2>	-0.1823 0.0000 0.9832	</row2>
			<row3>	75.1760 0.4917 93.8837	</row3>
		</transform>
		<reflectionVisible>	false	</reflectionVisible>
	</model>
	<model>
		<resource>	content/location/building/port/LBP235_DJ/LBP235_DJ.model	</resource>
		<transform>
			<row0>	0.9992 0.0000 0.0407	</row0>
			<row1>	0.0000 1.0000 0.0000	</row1>
			<row2>	-0.0407 0.0000 0.9992	</row2>
			<row3>	75.3830 0.4943 90.9205	</row3>
		</transform>
		<reflectionVisible>	false	</reflectionVisible>
	</model>
	<model>
		<resource>	content/location/building/port/LBP235_DJ/LBP235_DJ.model	</resource>
		<transform>
			<row0>	1.0000 0.0000 0.0000	</row0>
			<row1>	0.0000 1.0000 0.0000	</row1>
			<row2>	0.0000 0.0000 1.0000	</row2>
			<row3>	86.8181 0.4917 79.9152	</row3>
		</transform>
		<reflectionVisible>	false	</reflectionVisible>
	</model>
	<model>
		<resource>	content/location/building/port/LBP238_DJ/LBP238_DJ.model	</resource>
		<transform>
			<row0>	0.6975 0.0000 -0.1020	</row0>
			<row1>	0.0000 1.0000 0.0000	</row1>
			<row2>	0.0462 0.0000 0.3160	</row2>
			<row3>	89.1970 0.2531 73.6104	</row3>
		</transform>
		<reflectionVisible>	false	</reflectionVisible>
	</model>
	<model>
		<resource>	content/location/building/port/LBP237_DJ/LBP237_DJ.model	</resource>
		<transform>
			<row0>	-0.5688 0.0000 0.1282	</row0>
			<row1>	0.0000 0.3672 0.0000	</row1>
			<row2>	-0.0526 0.0000 -0.2336	</row2>
			<row3>	68.5076 0.4319 77.6234	</row3>
		</transform>
		<reflectionVisible>	false	</reflectionVisible>
	</model>
	<model>
		<resource>	content/location/building/port/LBP203_DJ/LBP203_DJ.model	</resource>
		<transform>
			<row0>	-0.9794 0.0000 -0.2018	</row0>
			<row1>	0.0000 1.0000 0.0000	</row1>
			<row2>	0.2018 0.0000 -0.9794	</row2>
			<row3>	72.0644 0.4707 73.7295	</row3>
		</transform>
		<reflectionVisible>	false	</reflectionVisible>
	</model>
	<model>
		<resource>	content/location/building/port/LBP204_DJ/LBP204_DJ.model	</resource>
		<transform>
			<row0>	0.9768 0.0000 0.2143	</row0>
			<row1>	0.0000 1.0000 0.0000	</row1>
			<row2>	-0.2143 0.0000 0.9768	</row2>
			<row3>	71.8099 0.4834 71.1149	</row3>
		</transform>
		<reflectionVisible>	false	</reflectionVisible>
	</model>
	<model>
		<resource>	content/location/building/port/LBP204_DJ/LBP204_DJ.model	</resource>
		<transform>
			<row0>	-0.9768 0.0000 -0.2142	</row0>
			<row1>	0.0000 1.0000 0.0000	</row1>
			<row2>	0.2142 0.0000 -0.9768	</row2>
			<row3>	73.2542 0.4834 67.1890	</row3>
		</transform>
		<reflectionVisible>	false	</reflectionVisible>
	</model>
	<model>
		<resource>	content/location/building/port/LBP238_DJ/LBP238_DJ.model	</resource>
		<transform>
			<row0>	0.8206 0.0000 0.1656	</row0>
			<row1>	0.0000 1.0000 0.0000	</row1>
			<row2>	-0.1096 0.0000 0.5430	</row2>
			<row3>	73.0453 0.2547 70.9941	</row3>
		</transform>
		<reflectionVisible>	false	</reflectionVisible>
	</model>
	<model>
		<resource>	content/location/building/port/LBP205_DJ/LBP205_DJ.model	</resource>
		<transform>
			<row0>	0.9804 0.0000 0.1968	</row0>
			<row1>	-0.0000 1.0000 -0.0000	</row1>
			<row2>	-0.1968 0.0000 0.9804	</row2>
			<row3>	79.3613 0.4724 75.4762	</row3>
		</transform>
		<reflectionVisible>	false	</reflectionVisible>
	</model>
	<model>
		<resource>	content/location/building/port/LBP202_DJ/LBP202_DJ.model	</resource>
		<transform>
			<row0>	-0.2352 -0.0000 1.1595	</row0>
			<row1>	0.0000 0.8660 0.0000	</row1>
			<row2>	-0.6864 0.0000 -0.1393	</row2>
			<row3>	79.1376 3.1960 75.4292	</row3>
		</transform>
		<reflectionVisible>	false	</reflectionVisible>
	</model>
	<model>
		<resource>	content/location/building/port/LBP216_DJ/LBP216_DJ.model	</resource>
		<transform>
			<row0>	1.0907 0.0000 -0.1004	</row0>
			<row1>	0.0000 1.0000 0.0000	</row1>
			<row2>	0.0916 0.0000 0.9958	</row2>
			<row3>	79.1584 0.4856 79.3317	</row3>
		</transform>
		<reflectionVisible>	false	</reflectionVisible>
	</model>
	<model>
		<resource>	content/location/building/port/LBP228_DJ/LBP228_DJ.model	</resource>
		<transform>
			<row0>	-0.9302 0.0000 0.3671	</row0>
			<row1>	0.0000 1.0000 0.0000	</row1>
			<row2>	-0.3671 0.0000 -0.9302	</row2>
			<row3>	85.2434 0.4917 80.1648	</row3>
		</transform>
		<reflectionVisible>	false	</reflectionVisible>
	</model>
	<model>
		<resource>	content/location/building/port/LBP235_DJ/LBP235_DJ.model	</resource>
		<transform>
			<row0>	0.9938 0.0000 -0.1115	</row0>
			<row1>	0.0000 1.0000 0.0000	</row1>
			<row2>	0.1115 0.0000 0.9938	</row2>
			<row3>	84.4375 0.4917 81.0487	</row3>
		</transform>
		<reflectionVisible>	false	</reflectionVisible>
	</model>
	<model>
		<resource>	content/location/building/port/LBP228_DJ/LBP228_DJ.model	</resource>
		<transform>
			<row0>	0.0369 0.0000 0.9993	</row0>
			<row1>	0.0000 1.0000 0.0000	</row1>
			<row2>	-0.9993 0.0000 0.0369	</row2>
			<row3>	86.0435 0.4943 88.7294	</row3>
		</transform>
		<reflectionVisible>	false	</reflectionVisible>
	</model>
	<model>
		<resource>	content/location/building/port/LBP228_DJ/LBP228_DJ.model	</resource>
		<transform>
			<row0>	0.0369 0.0000 0.9993	</row0>
			<row1>	0.0000 1.0000 0.0000	</row1>
			<row2>	-0.9993 0.0000 0.0369	</row2>
			<row3>	85.4239 0.4943 88.7719	</row3>
		</transform>
		<reflectionVisible>	false	</reflectionVisible>
	</model>
	<model>
		<resource>	content/location/building/port/LBP228_DJ/LBP228_DJ.model	</resource>
		<transform>
			<row0>	0.0369 0.0000 0.9993	</row0>
			<row1>	0.0000 1.0000 0.0000	</row1>
			<row2>	-0.9993 0.0000 0.0369	</row2>
			<row3>	85.1210 0.4943 88.7824	</row3>
		</transform>
		<reflectionVisible>	false	</reflectionVisible>
	</model>
	<model>
		<resource>	content/location/building/port/LBP228_DJ/LBP228_DJ.model	</resource>
		<transform>
			<row0>	0.0369 0.0000 0.9993	</row0>
			<row1>	0.0000 1.0000 0.0000	</row1>
			<row2>	-0.9993 0.0000 0.0369	</row2>
			<row3>	84.8247 0.4943 88.8174	</row3>
		</transform>
		<reflectionVisible>	false	</reflectionVisible>
	</model>
	<model>
		<resource>	content/location/building/port/LBP228_DJ/LBP228_DJ.model	</resource>
		<transform>
			<row0>	0.0369 0.0000 0.9993	</row0>
			<row1>	0.0000 1.0000 0.0000	</row1>
			<row2>	-0.9993 0.0000 0.0369	</row2>
			<row3>	84.5260 0.4943 88.8033	</row3>
		</transform>
		<reflectionVisible>	false	</reflectionVisible>
	</model>
	<model>
		<resource>	content/location/building/port/LBP228_DJ/LBP228_DJ.model	</resource>
		<transform>
			<row0>	0.0369 0.0000 0.9993	</row0>
			<row1>	0.0000 1.0000 0.0000	</row1>
			<row2>	-0.9993 0.0000 0.0369	</row2>
			<row3>	84.2305 0.4943 88.8386	</row3>
		</transform>
		<reflectionVisible>	false	</reflectionVisible>
	</model>
	<model>
		<resource>	content/location/building/port/LBP228_DJ/LBP228_DJ.model	</resource>
		<transform>
			<row0>	0.0369 0.0000 0.9993	</row0>
			<row1>	0.0000 1.0000 0.0000	</row1>
			<row2>	-0.9993 0.0000 0.0369	</row2>
			<row3>	83.9315 0.4943 88.8296	</row3>
		</transform>
		<reflectionVisible>	false	</reflectionVisible>
	</model>
	<model>
		<resource>	content/location/building/port/LBP228_DJ/LBP228_DJ.model	</resource>
		<transform>
			<row0>	0.0369 0.0000 0.9993	</row0>
			<row1>	0.0000 1.0000 0.0000	</row1>
			<row2>	-0.9993 0.0000 0.0369	</row2>
			<row3>	83.2900 0.4943 88.8730	</row3>
		</transform>
		<reflectionVisible>	false	</reflectionVisible>
	</model>
	<model>
		<resource>	content/location/building/port/LBP228_DJ/LBP228_DJ.model	</resource>
		<transform>
			<row0>	0.0369 0.0000 0.9993	</row0>
			<row1>	0.0000 1.0000 0.0000	</row1>
			<row2>	-0.9993 0.0000 0.0369	</row2>
			<row3>	82.9776 0.4943 88.8999	</row3>
		</transform>
		<reflectionVisible>	false	</reflectionVisible>
	</model>
	<model>
		<resource>	content/location/building/port/LBP228_DJ/LBP228_DJ.model	</resource>
		<transform>
			<row0>	0.0369 0.0000 0.9993	</row0>
			<row1>	0.0000 1.0000 0.0000	</row1>
			<row2>	-0.9993 0.0000 0.0369	</row2>
			<row3>	82.6694 0.4943 88.9047	</row3>
		</transform>
		<reflectionVisible>	false	</reflectionVisible>
	</model>
	<model>
		<resource>	content/location/building/port/LBP228_DJ/LBP228_DJ.model	</resource>
		<transform>
			<row0>	0.0369 0.0000 0.9993	</row0>
